-1.9805,0.48099,-6.0977e-06,-0.0014129,-0.0024056,-0.0073281,-2.2341,1.7188,-4.7869,-0.0014129,-0.0024056,-0
-1.9813,0.47825,-7.6097e-05,-0.020995,-0.23992,-0.01721,7.8192,-11.492,-1.3968,-0.021013,-0.23992,-0
-1.981,0.47145,-0.00037261,0.013914,-0.35785,-0.0056876,4.3563,353.1,0.59879,0.01378,-0.35786,-0
-1.9808,0.46213,-0.00029156,0.0075242,-0.42157,0.010218,1.8236,-218.42,0.46848,0.0074006,-0.42157,-0
-1.9805,0.45807,-0.00022727,0.026216,0.025763,-0.0052036,-0.21297,22.569,-1.1539,0.026222,0.025758,-0
-1.98,0.45992,-0.00038777,0.013728,0.08226,-0.0005517,0.31258,-57.946,0.54885,0.01376,0.082255,-0
-1.98,0.46072,-0.00022013,-0.018748,-0.012663,0.0093804,-3.2228,-7.2344,0.31225,-0.018751,-0.012659,-0
-1.9805,0.45998,-0.00017746,-0.023037,-0.041615,-0.0024516,3.1389,-32.152,-0.1987,-0.023045,-0.041611,-0
-1.9811,0.45948,-9.1817e-05,-0.028327,-0.0040915,0.01001,-0.023299,-67.805,1.5235,-0.028328,-0.0040888,-0
-1.9814,0.45967,3.9989e-06,8.1568e-05,0.010226,-0.0030453,0.32577,-0.25752,-0.36444,8.1521e-05,0.010226,-0
-1.9815,0.45974,-3.8367e-05,-0.011236,-0.001127,0.0031421,1.9226,-98.278,1.6434,-0.011236,-0.0011266,-0
-1.9818,0.4595,2.7968e-05,-0.018706,-0.022726,-0.003843,-1.4466,0.26881,-0.71176,-0.018706,-0.022727,-0
-1.9822,0.45902,-0.00013941,-0.016274,-0.016316,-0.0069052,1.6441,93.401,-2.7525,-0.016276,-0.016313,-0
-1.9823,0.45913,-0.00015651,0.007098,0.012735,0.0015349,-0.82763,61.227,-0.3354,0.0071,0.012734,-0
-1.9819,0.45941,-0.00024349,0.034644,0.014598,-0.0084024,1.8053,12.374,-0.74789,0.034647,0.01459,-0
-1.9811,0.45951,-0.00031072,0.033062,0.012822,0.002346,-0.33956,40.081,-0.063368,0.033066,0.012812,-0
-1.9803,0.45958,-0.00026808,0.050165,0.0061732,-0.00068275,-0.12284,3.8382,-0.35735,0.050167,0.0061598,-0
-1.9792,0.45973,-0.00028361,0.048434,-0.00013551,0.0035991,0.83877,2.5486,0.91046,0.048434,-0.00014928,-0
-1.9782,0.45999,-0.00015689,0.050876,0.013868,0.0046071,-0.038855,-35.181,0.19518,0.050879,0.01386,-0
-1.9771,0.46018,-0.00014138,0.050048,0.0055725,-0.00068249,0.40847,-67.557,1.0989,0.050049,0.0055654,-0
-1.9763,0.46025,-5.2875e-05,0.032266,0.010599,0.0079379,-0.44043,-33.579,0.02108,0.032266,0.010597,-0
-1.9757,0.46038,5.4328e-05,0.024107,0.011302,0.0011844,-1.0779,22.79,-0.65209,0.024106,0.011304,-0
-1.9753,0.46057,9.896e-05,0.0082512,0.018636,0.0051001,-0.13031,-39.374,0.25773,0.0082494,0.018637,-0
-1.9752,0.46077,0.0002148,0.0012622,0.011137,0.0023868,-0.99394,30.164,-1.6297,0.0012598,0.011137,-0
-1.9753,0.4609,0.00020701,-0.013364,-0.0055219,0.00049852,-0.54752,-2.1391,0.32128,-0.013363,-0.0055246,-0
-1.9758,0.461,0.00027928,-0.030585,0.013981,0.0039801,-0.85017,14.923,-0.71892,-0.030589,0.013972,-0
-1.9765,0.46116,0.00029005,-0.037391,0.0093782,-0.002785,-0.51331,61.314,-0.96126,-0.037394,0.0093674,-0
-1.9774,0.46133,0.00028321,-0.04525,-0.00041756,0.0026082,0.43658,-49.659,0.79775,-0.04525,-0.00043035,-0
-1.9784,0.4615,0.00029592,-0.045991,0.0035719,-0.0028933,-0.0023667,11.348,-1.2701,-0.045993,0.0035582,-0
-1.9794,0.46162,0.00021461,-0.052862,0.013766,-0.0017438,-0.32871,-37.81,0.80024,-0.052865,0.013754,-0
-1.9805,0.46176,0.00021531,-0.050694,0.0026607,-0.0012259,1.0114,-11.713,-0.76064,-0.050695,0.0026498,-0
-1.9815,0.46193,0.000126,-0.044078,-0.00067168,-0.0049626,-0.3002,23.041,-0.71267,-0.044077,-0.00067728,-0
-1.9824,0.4621,8.5786e-05,-0.039685,0.0046247,-0.00012924,1.2526,-56.9,0.34681,-0.039686,0.0046213,-0
-1.9831,0.46228,2.2579e-05,-0.030118,0.01121,-0.0061442,0.52438,-18.626,-0.31222,-0.030119,0.011209,-0
-1.9837,0.46241,-6.3924e-05,-0.027126,0.015803,-0.00064875,0.91492,-41.698,0.51548,-0.027125,0.015805,-0
-1.9841,0.46259,-7.6518e-05,-0.013328,0.0094708,-0.0029028,-0.067875,44.28,-0.69858,-0.013327,0.0094718,-0
-1.9843,0.46276,-0.00016924,-0.0047823,-0.0015178,-0.002812,-0.076803,6.6032,-0.13283,-0.0047825,-0.001517,-0
-1.9843,0.46293,-0.00016947,0.0016763,0.002664,0.00015173,1.0731,-24.114,-0.05759,0.0016768,0.0026637,-0
-1.9842,0.46311,-0.000225,0.011567,0.0053546,-0.0041532,1.1973,-53.922,0.23862,0.011568,0.005352,-0
-1.9839,0.46326,-0.00024101,0.014128,0.017862,0.0022581,-0.29294,32.147,-0.5015,0.014132,0.017859,-0
-1.9835,0.46346,-0.00022946,0.023639,0.013823,-0.0023607,0.3945,19.685,-0.60306,0.023643,0.013817,-0
-1.983,0.46363,-0.00026494,0.024174,-0.00091772,0.0012216,-0.38652,8.7191,0.48728,0.024173,-0.00092413,-0
-1.9825,0.46382,-0.00021442,0.027719,0.011415,0.0010205,0.11419,54.998,-0.99373,0.027721,0.011409,-0
-1.9819,0.464,-0.0002319,0.026785,0.011283,-0.00022157,0.74521,-81.528,0.85934,0.026788,0.011277,-0
-1.9814,0.46418,-0.00017789,0.024587,0.0031338,0.0037188,0.082517,17.484,-0.35161,0.024587,0.0031294,-0
-1.9809,0.46439,-0.00015222,0.024293,0.0050332,-0.00071205,0.46619,-42.361,0.40869,0.024294,0.0050295,-0
-1.9804,0.46457,-0.00012425,0.017099,0.014159,0.0039526,-2.1092,104.26,-1.173,0.017101,0.014157,-0
-1.9801,0.46477,-5.9895e-05,0.013444,0.0066103,0.00095422,0.53336,-39.68,0.34758,0.013444,0.0066095,-0
-1.9799,0.46496,-5.1371e-05,0.0062892,-0.027701,0.0026803,1.3751,-136.81,1.7355,0.0062877,-0.027701,-0
-1.98,0.46583,0.00022767,-0.0091498,0.098854,0.019918,-3.0368,293.89,-27.202,-0.0091718,0.098852,-0
-1.9802,0.46753,0.00044842,-0.013318,0.12803,0.0031717,3.2537,-117.91,0.30369,-0.013375,0.12803,-0
-1.9806,0.46929,0.00054771,-0.034476,0.12902,0.0062327,-3.0106,151.44,-6.863,-0.034546,0.129,-0
-1.9813,0.47074,0.0006151,-0.031779,0.036312,-0.0017195,3.2855,-142.19,3.7274,-0.031801,0.036292,-0
-1.9822,0.47213,0.00056388,-0.049294,0.085022,-0.002122,16.249,-239.6,1.2982,-0.049342,0.084994,-0
-1.9833,0.47357,0.00050689,-0.055939,0.034396,-0.0040238,2.1056,-101.55,1.626,-0.055956,0.034367,-0
-1.9846,0.47495,0.00038064,-0.069004,0.081769,-0.0062655,3.9102,-243.35,3.4703,-0.069035,0.081743,-0
-1.9861,0.47629,0.00027232,-0.070328,0.028163,-0.0079187,-1.6468,-13.849,-12.268,-0.070336,0.028144,-0
-1.9877,0.4776,0.00013011,-0.079457,0.097445,-0.0081915,-6.4841,308.61,-18.677,-0.07947,0.097435,-0
-1.9894,0.47892,-5.6012e-06,-0.084589,0.03548,-0.0061153,5.7157,-132.93,-2.0779,-0.084589,0.03548,-0
-1.9912,0.48019,-0.00014851,-0.088213,0.027612,-0.0065891,1.2166,-3.0564,-1.3887,-0.088209,0.027625,-0
-1.9929,0.48139,-0.00031788,-0.084531,0.026188,-0.00702,-3.9015,7.1221,3.0257,-0.084523,0.026215,-0
-1.9946,0.48256,-0.00054836,-0.073072,0.045096,-0.016596,-16.931,252.58,-6.728,-0.073047,0.045136,-0
-1.9961,0.48345,-0.00084344,-0.067898,0.060373,-0.0094541,17.022,-291.63,6.1671,-0.067847,0.06043,-0
-1.9974,0.48405,-0.00098101,-0.068611,0.097411,-0.0039823,-6.0498,225.03,6.3042,-0.068516,0.097478,-0
-1.9985,0.48474,-0.0010633,-0.049604,0.062003,-0.0043027,-41.99,595.2,-4.8889,-0.049538,0.062056,-0
-1.9994,0.48549,-0.0011221,-0.030919,0.019981,-0.0041892,-18.667,368.4,-4.0182,-0.030896,0.020016,-0
-2.0001,0.48618,-0.0011515,-0.033394,-0.010926,0.00056517,9.3328,-178.94,0.22095,-0.033407,-0.010887,-0
-2.0006,0.48684,-0.001157,-0.012033,0.05899,-0.00057681,20.084,-306.69,1.1422,-0.011965,0.059004,-0
-2.0008,0.48749,-0.0011441,-0.014412,0.077566,0.0018097,16.772,-276.58,0.59559,-0.014323,0.077582,-0
-2.0009,0.48809,-0.0011209,-0.0031407,0.034417,0.0027277,-26.814,442.23,-1.1023,-0.0031021,0.03442,-0
-2.0009,0.4887,-0.0010751,0.012251,-0.026288,0.0013315,12.109,-157.53,-0.20605,0.012223,-0.026301,-0
-2.0007,0.48923,-0.0010393,0.014528,-0.014603,0.0022292,14.852,-215.43,0.85397,0.014512,-0.014619,-0
-2.0004,0.48969,-0.00098464,0.010758,0.043912,0.0029749,16.972,-326.53,0.51973,0.010801,0.043901,-0
-2.0002,0.49014,-0.00089364,0.0084879,0.086975,0.0035765,20.384,-210.23,-1.0147,0.0085657,0.086967,-0
-1.9999,0.49063,-0.00079923,0.009011,0.072078,0.0055463,-39.094,628.9,-9.7413,0.0090687,0.072071,-0
-1.9996,0.4911,-0.00069448,0.013978,0.018474,0.0058047,-29.03,413.38,2.8198,0.013991,0.018465,-0
-1.9994,0.49153,-0.00057827,0.0098882,0.0066979,0.0072444,-30.779,365.81,4.3718,0.0098921,0.0066922,-0
-1.9993,0.49188,-0.00048478,0.0032204,-0.012762,0.0030406,-25.646,299.76,-2.2534,0.0032142,-0.012764,-0
-1.9992,0.49217,-0.00038785,0.0020951,-0.023179,0.0057584,-11.673,188.92,-2.0395,0.0020861,-0.02318,-0
-1.9992,0.49247,-0.00028502,0.0027327,-0.042714,0.0038283,7.3183,-74.959,-8.572,0.0027204,-0.042715,-0
-1.9993,0.49276,-0.00019748,-0.010061,0.061692,0.0039161,-53.024,640.2,-3.4275,-0.010049,0.061694,-0
-1.9995,0.49301,-0.0001355,-0.015274,0.082653,0.0041922,-28.269,272.86,-5.0376,-0.015263,0.082655,-0
-1.9997,0.49321,-9.2314e-05,-0.016027,0.025327,0.00088182,-44.842,620.49,-2.2156,-0.016024,0.025329,-0
-2,0.49348,-4.2364e-05,-0.0092523,0.0072689,0.001854,-25.714,401.1,-1.3189,-0.0092519,0.0072693,-0
-2.0002,0.49375,-3.414e-05,-0.011945,0.051233,-0.0026895,-49.885,646.6,3.0615,-0.011943,0.051234,-0
-2.0004,0.49396,-4.5452e-05,-0.016876,0.060367,2.2829e-05,-56.946,644.07,5.0893,-0.016873,0.060368,-0
-2.0006,0.49419,-4.956e-05,-0.0082489,0.010732,-0.00038201,-39.628,430.93,0.91375,-0.0082484,0.010732,-0
-2.0008,0.49441,-0.00010198,-0.0058762,0.0050699,-0.0030337,-29.068,413.38,-0.14283,-0.0058757,0.0050705,-0
-2.0009,0.49467,-0.00013542,-0.0053398,0.041201,0.00047894,29.498,-330.77,-1.9821,-0.0053343,0.041202,-0
-2.0009,0.49499,-0.00015558,0.0036827,-0.023585,-0.0045642,16.73,-210.28,-1.6721,0.0036791,-0.023586,-0
-2.001,0.49522,-0.00023919,0.002924,-0.054891,-0.002056,10.388,-167.97,0.20528,0.0029109,-0.054892,-0
-2.0009,0.49529,-0.00031032,-0.0034679,0.062436,-0.0028929,-29.647,334.58,-1.505,-0.0034486,0.062437,-0
-2.0009,0.49534,-0.00036738,-0.003241,0.03067,-0.0032196,30.189,-317.11,0.70653,-0.0032297,0.030671,-0
-2.0009,0.49552,-0.00038467,-0.0036781,0.051468,0.0028373,31.477,-359.45,-0.54035,-0.0036583,0.051469,-0
-2.001,0.49595,-0.00030151,-0.0044608,0.061352,0.00050165,20.977,-312.58,0.42413,-0.0044423,0.061353,-0
-2.0011,0.49624,-0.00034791,-0.0099067,-0.0037144,-0.0021257,-37.343,390.76,-3.2499,-0.009908,-0.0037109,-0
-2.0013,0.49632,-0.00035387,-0.0086414,-0.015009,0.0048903,23.839,-283.93,0.94773,-0.0086468,-0.015006,-0
-2.0015,0.49657,-0.00023549,-0.0086953,-0.034335,0.0030085,6.0129,-33.297,9.567,-0.0087034,-0.034333,-0
-2.0018,0.49691,-0.00025652,-0.016913,0.07032,-0.0025711,18.082,-159.16,-1.1297,-0.016895,0.070325,-0
-2.0021,0.49694,-0.00029904,-0.0095059,-0.068666,-0.0024536,11.931,-184.24,-0.38287,-0.0095264,-0.068663,-0
-2.0024,0.49697,-0.00025348,-0.019712,0.084763,0.0058072,12.919,-181.8,3.222,-0.01969,0.084768,-0
-2.0025,0.49731,-0.00020231,0.0026216,-0.012223,-0.0019264,-21.878,250.92,-2.1537,0.0026191,-0.012223,-0
-2.0024,0.49756,-0.000329,0.015728,-0.038114,-0.0075103,23.952,-243.4,-0.1504,0.015715,-0.038119,-0
-2.002,0.49744,-0.00045746,0.032948,-0.0033396,-0.0047484,26.895,-293.98,-2.1821,0.032946,-0.0033547,-0
-2.0011,0.4974,-0.00056671,0.04871,0.089884,-0.0059534,-24.323,237.94,8.1524,0.048761,0.089857,-0
-1.9996,0.49777,-0.00066775,0.084776,0.028294,-0.0063294,21.194,-288.53,1.7614,0.084795,0.028238,-0
-1.9976,0.49799,-0.00092815,0.1116,-0.028736,-0.01154,21.604,-251.43,-3.6429,0.11158,-0.028839,-0
-1.9949,0.49793,-0.0012024,0.14982,-0.074281,-0.014069,24.495,-163.77,-5.8145,0.14973,-0.07446,-0
-1.9915,0.4978,-0.0014619,0.18932,-0.070877,-0.012731,25.332,-189.3,0.53707,0.18922,-0.071153,-0
-1.9875,0.49787,-0.0016824,0.20732,0.082765,-0.0098137,12.465,-181.1,1.5725,0.20746,0.082416,-0
-1.9828,0.49815,-0.0018253,0.25154,-0.045018,-0.0053413,22.662,-202.1,-0.86531,0.25146,-0.045477,-0
-1.9774,0.49857,-0.0019293,0.27156,0.059558,-0.0024678,24.999,-334.45,2.6994,0.27167,0.059034,-0
-1.9713,0.49911,-0.0020035,0.31662,-0.015958,-0.0036065,-6.9124,198.93,3.7339,0.31659,-0.016592,-0
-1.9646,0.4997,-0.0020576,0.3325,0.060731,-0.0027985,31.466,-343.52,-0.21235,0.33262,0.060046,-0
-1.9574,0.5001,-0.0021259,0.36386,0.016167,-0.0051684,-43.124,549.87,-6.7069,0.3639,0.015394,-0
-1.9497,0.50037,-0.0021703,0.38816,-0.05463,0.00060718,32.125,-227.35,-1.6278,0.38804,-0.055473,-0
-1.9416,0.5006,-0.0021487,0.39651,0.05374,0.0026444,16.144,-343.08,2.4679,0.39662,0.052888,-0
-1.9332,0.5008,-0.0020573,0.41764,0.019123,0.0053683,-54.017,590.91,0.14508,0.41768,0.018264,-0
-1.9245,0.50109,-0.0018782,0.42765,-0.053564,0.01209,30.956,-205.1,-1.9168,0.42755,-0.054369,-0
-1.9157,0.50149,-0.0016444,0.42805,0.056261,0.012431,24.689,-342.93,2.95,0.42814,0.055557,-0
-1.9068,0.50186,-0.0013519,0.43795,0.017861,0.01439,-42.184,562.61,-1.1507,0.43797,0.017267,-0
-1.8977,0.50215,-0.0010249,0.44749,-0.0589,0.016815,33.077,-216.4,-0.24703,0.44743,-0.059362,-0
-1.8887,0.50236,-0.00068148,0.43525,0.051021,0.014635,18.342,-357.61,2.1813,0.43529,0.050723,-0
-1.8796,0.50253,-0.00033091,0.43698,0.06185,0.01736,-79.094,684.63,5.6549,0.437,0.061704,-0
-1.8705,0.50262,5.92e-06,0.45104,-0.045074,0.015508,-7.4054,179.62,-4.636,0.45104,-0.045074,-0
-1.8613,0.5026,0.00028788,0.44562,-0.02595,0.011888,22.339,-279.07,0.73792,0.44562,-0.025823,-0
-1.8519,0.50219,0.00061031,0.45787,-0.057086,0.013496,-3.1774,215.88,-0.75316,0.4579,-0.056809,-0
-1.8423,0.50202,0.00078516,0.46598,-0.015256,0.0031127,21.377,-296.62,1.6307,0.46599,-0.01489,-0
-1.8323,0.5019,0.00096698,0.49272,0.06866,0.011826,-40.389,273.16,7.567,0.49265,0.069135,-0
-1.8219,0.50173,0.001147,0.52301,-0.061485,0.0090247,-2.8724,159.85,-0.88898,0.52308,-0.060887,-0
-1.811,0.5016,0.0012262,0.53558,-0.01468,-0.003094,16.761,-281.02,0.60912,0.53559,-0.014023,-0
-1.7996,0.50166,0.0011965,0.55998,0.057083,-0.0023536,34.878,-335.39,0.84537,0.55991,0.057753,-0
-1.7875,0.50176,0.0010835,0.60331,-0.0020442,-0.0068776,-42.864,562.64,-5.7573,0.60332,-0.0013895,-0
-1.775,0.50186,0.00085677,0.62856,-0.05047,-0.016448,42.926,-234.65,-4.1398,0.6286,-0.049928,-0
-1.7617,0.50202,0.00048896,0.65476,-0.060368,-0.018762,38.305,-240.01,-1.0477,0.65479,-0.060042,-0
-1.7479,0.5021,9.1579e-05,0.67104,-0.017862,-0.017838,16.351,-283.19,1.9293,0.67104,-0.017798,-0
-1.7339,0.50223,-0.00028565,0.68612,0.050632,-0.018006,17.028,-348.55,1.7496,0.68614,0.050438,-0
-1.7194,0.50233,-0.00062748,0.69497,0.066873,-0.014901,26.501,-346.05,3.7164,0.69501,0.066438,-0
-1.7047,0.50215,-0.00087468,0.71385,-0.056334,0.00030404,22.95,-280.31,4.8284,0.7138,-0.056958,-0
-1.69,0.50178,-0.0010125,0.71541,0.02857,-0.0044736,14.734,-331.98,-1.3978,0.71543,0.027846,-0
-1.675,0.5017,-0.0010898,0.71123,0.093832,-0.0053962,-63.857,263.92,7.6581,0.71133,0.093058,-0
-1.6599,0.50161,-0.0010308,0.75029,-0.062592,0.0077503,5.0987,174.23,-4.3941,0.75023,-0.063368,-0
-1.6444,0.50137,-0.00084587,0.7536,-0.059849,0.011454,3.177,157.62,-7.5765,0.75355,-0.06049,-0
-1.6289,0.50133,-0.00061725,0.76194,-0.0566,0.010291,41.421,-230.87,-3.7654,0.7619,-0.057073,-0
-1.6131,0.50141,-0.00031866,0.7842,-0.012805,0.015967,24.353,-287.3,1.2541,0.78419,-0.013058,-0
-1.5967,0.50159,-2.9245e-05,0.79742,0.048969,0.01264,10.661,-340.77,2.1779,0.79742,0.048944,-0
-1.5798,0.50183,0.0002226,0.81362,0.058306,0.010625,7.7369,-352.61,4.4362,0.81361,0.058487,-0
-1.5626,0.50192,0.00042559,0.84067,0.03569,0.0097206,16.706,-345.32,4.7951,0.84066,0.036047,-0
-1.5451,0.50162,0.00062861,0.85934,-0.065767,0.0018589,42.284,-223.21,-6.2043,0.85938,-0.065227,-0
-1.527,0.50136,0.00072245,0.88723,-0.078016,0.0049384,47.026,-227.03,-0.69951,0.88729,-0.077377,-0
-1.5084,0.50107,0.00085417,0.91286,-0.089106,0.0090932,43.246,-231.54,-3.0371,0.91294,-0.088329,-0
-1.4894,0.50088,0.00096359,0.937,-0.059976,0.00098675,49,-229.13,-6.3946,0.93706,-0.059074,-0
-1.4701,0.50095,0.00098994,0.94437,-0.011824,0.0015534,16.998,-287.65,3.6322,0.94438,-0.01089,-0
-1.4501,0.50108,0.00096139,0.97742,-0.011218,-0.0004865,17.786,-280.92,2.3443,0.97743,-0.010278,-0
-1.4296,0.50126,0.00087375,0.99313,-0.0036484,-0.0048772,17.924,-279.53,0.21109,0.99313,-0.0027793,-0
-1.4086,0.50136,0.00076939,1.0169,-0.063957,-0.0063631,46.44,-240.91,-2.6709,1.0169,-0.063172,-0
-1.3877,0.50103,0.00073876,1.0141,-0.021486,-0.003771,17.34,-279.05,-2.1562,1.0141,-0.020736,-0
-1.3664,0.50085,0.00067975,1.0267,-0.067298,-0.0023551,44.425,-232.72,-2.0219,1.0267,-0.066599,-0
-1.3449,0.50066,0.0006866,1.05,-0.087175,0.0066294,42.606,-230.39,-5.0288,1.05,-0.086457,-0
-1.3233,0.50051,0.0007485,1.0595,-0.060648,0.0009661,52.076,-229.83,-4.8815,1.0596,-0.059855,-0
-1.3015,0.50049,0.00078108,1.0615,-0.058257,-0.00086645,45.499,-239.77,-1.8327,1.0616,-0.057427,-0
-1.2793,0.50063,0.00082595,1.0909,-0.058777,0.0056437,48.643,-239.71,-5.1382,1.0909,-0.057878,-0
-1.2566,0.50082,0.00087973,1.1069,-0.038121,-0.00077819,17.876,139.64,-11.31,1.1069,-0.037147,-0
-1.2338,0.50068,0.00097874,1.0924,0.079364,0.00063302,-79.861,315.66,11.359,1.0923,0.080433,-0
-1.2108,0.50049,0.0010285,1.1056,0.048494,0.0019503,18.798,-316.85,4.185,1.1056,0.049631,-0
-1.1874,0.50017,0.0011211,1.1266,-0.036649,0.0076623,10.112,-272.54,1.8191,1.1267,-0.035388,-0
-1.1639,0.50005,0.0012033,1.1472,-0.012918,0.0021971,14.637,-268.88,0.14595,1.1472,-0.011538,-0
-1.1397,0.50014,0.0012209,1.1738,-0.056937,-0.00012753,44.972,-223.08,-4.242,1.1738,-0.055504,-0
-1.1153,0.50033,0.0012111,1.1982,-0.058065,0.0022538,51.787,-230.73,-8.5955,1.1983,-0.056615,-0
-1.0904,0.50035,0.0011886,1.2195,-0.0020657,0.0045602,-46.642,635.19,-0.35371,1.2195,-0.00061759,-0
-1.0651,0.5001,0.0012399,1.224,-0.081157,0.004815,39.562,-95.661,0.85122,1.2241,-0.079642,-0
-1.0396,0.50008,0.0012972,1.2327,0.0161,0.00058948,5.6708,-285.59,0.80165,1.2327,0.017698,-0
-1.0138,0.5002,0.0012947,1.2474,-0.012492,-0.00054125,13.084,-276.21,3.2001,1.2475,-0.010876,-0
-0.98739,0.50031,0.0012426,1.2832,-0.056408,-0.0019101,58.188,-226.7,-9.1867,1.2833,-0.054813,-0
-0.96057,0.50045,0.0011476,1.3099,-0.041375,-0.004574,21.521,167.97,-4.5523,1.31,-0.03987,-0
-0.93327,0.50025,0.0011116,1.3062,0.049696,0.0061244,-52.927,163.25,-4.354,1.3061,0.051147,-0
-0.906,0.49997,0.0011139,1.3367,-0.057476,-0.0028679,56.685,-272.7,-2.6371,1.3368,-0.055986,-0
-0.87835,0.49993,0.0011657,1.3244,0.067227,0.0020538,22.518,-255.32,3.0244,1.3243,0.068771,-0
-0.85034,0.50019,0.001195,1.353,0.070616,0.0032818,12.737,-308.82,4.363,1.3529,0.072232,-0
-0.82168,0.50053,0.0011435,1.3791,0.00036066,-0.0039254,8.8925,-270.63,2.3913,1.3791,0.0019392,-0
-0.79274,0.50059,0.0011076,1.4001,-0.044641,0.0028844,22.668,-270.98,0.18583,1.4002,-0.043092,-0
-0.76374,0.50022,0.0011817,1.4078,0.057863,0.0051814,-40.967,160.21,-12.108,1.4077,0.059525,-0
-0.73444,0.50003,0.0013402,1.4133,0.0045054,0.009085,10.1,-283.16,0.58875,1.4133,0.0063974,-0
-0.70475,0.5002,0.0014476,1.4384,0.077037,-0.0017739,-105.32,709.82,11.956,1.4383,0.07912,-0
-0.6746,0.50061,0.0014711,1.4579,0.091235,0.0011379,-7.9763,-150.03,2.6901,1.4578,0.093379,-0
-0.64386,0.50081,0.0014596,1.4748,0.033905,0.0018228,-6.8143,-334.18,10.488,1.4747,0.036058,-0
-0.61303,0.50061,0.0015249,1.4968,-0.035729,0.003391,0.59774,376.9,1.6222,1.4968,-0.033448,-0
-0.58202,0.50032,0.0016077,1.5067,0.0063743,0.0070788,4.728,-330.61,4.2725,1.5067,0.0087953,-0
-0.55061,0.50023,0.0016603,1.5265,0.020747,-0.0040756,-25.509,610.19,-10.372,1.5265,0.023283,-0
-0.51877,0.50061,0.0016183,1.5499,0.019935,-0.0048959,-25.233,526.08,-6.9374,1.5499,0.022445,-0
-0.48627,0.50085,0.001562,1.5788,-0.031923,-0.0027163,12.074,303.41,-13.433,1.5789,-0.029457,-0
-0.45407,0.50073,0.0016268,1.5807,-0.091026,0.0055412,60.375,-228.98,1.0082,1.5808,-0.088458,-0
-0.42123,0.50045,0.0017,1.6005,-0.045716,0.0019872,-2.6382,436.8,-3.5623,1.6006,-0.042996,-0
-0.3884,0.50058,0.0016858,1.5886,0.019911,-0.0021966,10.067,-284.48,1.8665,1.5886,0.02259,-0
-0.35464,0.50101,0.001629,1.6324,-0.033645,-0.0019425,39.295,-233.85,-3.2331,1.6324,-0.030984,-0
-0.32075,0.50112,0.0016222,1.6423,0.036512,0.011447,0.74479,-288.77,6.6054,1.6423,0.039174,-0
-0.28667,0.50085,0.0017443,1.6334,-0.010978,0.0032262,13.612,-305.4,-0.084776,1.6334,-0.0081298,-0
-0.2526,0.50057,0.0018359,1.653,-0.078621,0.0024024,53.688,-215.78,-7.351,1.6531,-0.075589,-0
-0.21842,0.50079,0.0019408,1.6534,0.063634,0.0055245,-8.8779,-339.64,4.8476,1.6532,0.066841,-0
-0.18364,0.50126,0.0019987,1.6633,0.016942,0.0010826,4.0955,-280.91,3.6534,1.6632,0.020266,-0
-0.14909,0.50121,0.0021608,1.6472,0.065467,0.0079663,12.433,-287.8,6.6921,1.6471,0.069025,-0
-0.1149,0.50095,0.0023608,1.6597,0.0015963,0.010482,1.8754,-321.34,7.6517,1.6597,0.0055123,-0
-0.08048,0.50077,0.0025383,1.6548,-0.008158,0.0050639,-1.5295,495.33,-5.0114,1.6548,-0.0039608,-0
-0.0461,0.50107,0.0026499,1.668,-0.021817,0.0036788,8.2797,226.6,-3.2479,1.668,-0.0174,-0
-0.011339,0.50129,0.0027414,1.6753,-0.061697,0.0029749,36.384,58.86,-8.2715,1.6755,-0.057107,-0
0.022572,0.50097,0.0029596,1.6477,0.033315,0.013836,-123.66,712.55,17.785,1.6476,0.038188,-0
0.056612,0.50064,0.0031529,1.6238,0.070535,0.004625,-23.062,-46.637,-7.4033,1.6236,0.075653,-0
0.090513,0.5008,0.0032501,1.636,-0.051331,0.0033114,57.02,-256.52,-9.9061,1.6362,-0.046016,-0
0.12466,0.50121,0.0032774,1.6505,-0.032766,0.0011547,32.653,-239.37,-0.2487,1.6506,-0.027357,-0
0.15886,0.50124,0.0032967,1.6314,-0.097965,0.0056124,54.38,-201.3,-5.9497,1.6317,-0.09259,-0
0.19238,0.50093,0.00331,1.6288,0.017978,-0.006456,-100.33,696.99,9.6939,1.6287,0.023372,-0
0.22615,0.50062,0.0032797,1.6162,-0.019669,-0.00089862,16.026,-296.05,4.1656,1.6163,-0.014368,-0
0.2598,0.50062,0.0032279,1.6264,0.074064,-0.0010683,11.134,-256.27,4.5813,1.6262,0.079314,-0
0.29375,0.50092,0.0030949,1.6436,-0.0057714,-0.0072645,-4.8691,384.57,-3.3241,1.6436,-0.00068089,-0
0.32732,0.50087,0.0030443,1.6055,-0.026925,-0.0046145,16.531,-280.84,0.4767,1.6056,-0.022036,-0
0.36095,0.50061,0.0029892,1.6438,-0.091177,0.00090407,40.556,9.9725,-11.455,1.6441,-0.086264,-0
0.39463,0.50056,0.0029274,1.5958,0.060106,-0.0038024,-10.188,-335.8,4.4475,1.5956,0.064778,-0
0.42837,0.50085,0.0028129,1.6309,0.082187,-0.0068328,1.7754,-323.52,9.9502,1.6307,0.086776,-0
0.46236,0.50098,0.0026634,1.6337,0.010758,-0.001317,-107.15,672.71,3.3106,1.6336,0.015109,-0
0.49584,0.50071,0.0026229,1.6027,-0.046927,0.00027647,18.402,-266.99,-1.4967,1.6028,-0.042724,-0
0.52955,0.50038,0.0025215,1.6213,-0.028572,-0.0094606,0.022423,360.63,-9.6796,1.6214,-0.024479,-0
0.56283,0.5004,0.0024775,1.6147,0.012138,-0.0014257,13.131,-296.18,4.4925,1.6147,0.016138,-0
0.59677,0.50071,0.00241,1.627,0.09275,-0.0029352,-34.06,-80.754,15.6,1.6268,0.096672,-0
0.63068,0.50078,0.0023932,1.621,-0.032153,-0.0034942,21.261,228.67,0.20389,1.621,-0.028271,-0
0.66396,0.50067,0.0023558,1.6059,0.060296,-0.0021028,19.596,-333,8.5904,1.6057,0.064079,-0
0.69738,0.50038,0.0023866,1.6141,-0.016468,0.0060124,3.5428,-291.42,2.289,1.6141,-0.012618,-0
0.73098,0.50055,0.0024284,1.634,0.027079,-0.0035498,-21.133,578.38,-2.9075,1.6339,0.031049,-0
0.76511,0.50093,0.0024173,1.6446,-0.0062088,0.00084246,-29.548,509.88,-4.9132,1.6446,-0.0022342,-0
0.7985,0.5009,0.0025179,1.6275,-0.083581,0.0061834,54.924,-191.32,3.5818,1.6277,-0.079486,-0
0.8323,0.50068,0.0026254,1.6255,-0.079539,0.0068262,45.119,77.781,-12.039,1.6257,-0.075277,-0
0.86596,0.50075,0.0026875,1.6104,0.0048196,0.00024766,9.572,-307.88,2.3856,1.6103,0.0091474,-0
0.8997,0.50105,0.0026948,1.6353,0.07394,0.00056768,17.629,-259.49,4.9106,1.6351,0.078346,-0
0.93385,0.50121,0.0027066,1.6438,-0.095763,0.007665,37.905,-73.913,-14.825,1.644,-0.09132,-0
0.96731,0.50109,0.0027416,1.6099,0.095183,-0.0052627,-116.37,295.38,-3.2552,1.6096,0.099597,-0
1.001,0.50086,0.0027172,1.617,-0.0068956,0.0019407,17.669,-289.94,3.6791,1.617,-0.0025024,-0
1.0346,0.50085,0.0027119,1.6403,-0.050086,0.0004602,37.534,68.11,-4.9601,1.6404,-0.045638,-0
1.0686,0.50124,0.0026342,1.6471,-0.048948,-0.0082724,47.728,-178.35,-14.658,1.6472,-0.044605,-0
1.1025,0.50123,0.0026349,1.6331,-0.062173,-0.0034078,50.723,-191.36,-11.166,1.6333,-0.057869,-0
1.1362,0.50098,0.0026254,1.6139,0.078171,0.00088858,-53.854,247.12,-2.4147,1.6137,0.082407,-0
1.1699,0.50075,0.0026457,1.6197,-0.031349,0.0041681,26.166,-259.83,-4.7305,1.6198,-0.027065,-0
1.2036,0.50099,0.0026367,1.627,0.095695,-0.0044424,-42.483,-0.38826,-4.2905,1.6267,0.099986,-0
1.2378,0.50128,0.0025871,1.6532,-0.064681,-0.0036175,35.994,25.928,-16.324,1.6534,-0.060403,-0
1.2714,0.50111,0.0026364,1.6188,0.026933,0.0075346,-7.0093,-350.74,7.321,1.6187,0.0312,-0
1.3051,0.50072,0.0026716,1.6193,-0.065218,-0.001466,61.566,-281.38,-6.0107,1.6195,-0.060891,-0
1.3387,0.50064,0.002683,1.6179,0.044506,0.0028611,4.6712,-329.76,8.6759,1.6178,0.048846,-0
1.3726,0.50086,0.0026931,1.6477,0.076725,-0.00040191,-139.15,688.12,-3.4822,1.6475,0.081162,-0
1.4067,0.50092,0.0027338,1.6375,-0.062119,0.0054794,20.033,247.54,-9.9381,1.6376,-0.057648,-0
1.4402,0.50073,0.0027778,1.6157,0.074318,-0.0022452,22.783,-199.14,0.014119,1.6155,0.078807,-0
1.4738,0.50047,0.0028144,1.6185,-0.057591,0.0034452,41.919,-254.38,-0.99706,1.6186,-0.053037,-0
1.5076,0.50059,0.0028763,1.6349,0.084342,0.0015461,-118.47,470.86,22.303,1.6346,0.089044,-0
1.5417,0.501,0.0028145,1.6346,0.084035,-0.0050573,-112.44,680.25,-4.0525,1.6344,0.088637,-0
1.5755,0.50099,0.0028464,1.6249,-0.043191,-0.0028088,20.068,224.26,-9.8463,1.625,-0.038565,-0
1.609,0.50075,0.0028862,1.637,0.031668,0.005133,-124.73,718.74,5.6845,1.6369,0.036391,-0
1.6426,0.50068,0.0028966,1.6052,0.044073,-0.0017556,-5.0755,-334.43,5.6869,1.6051,0.048723,-0
1.6765,0.50096,0.0028551,1.6325,0.08691,-0.0030081,10.499,-334.07,9.0913,1.6323,0.091572,-0
1.7106,0.50114,0.0027885,1.6379,0.0081901,0.0025223,-57.757,636.76,1.8835,1.6379,0.012757,-0
1.744,0.50088,0.0028357,1.6116,0.021842,0.0047495,-15.949,-337.13,9.5603,1.6115,0.026411,-0
1.7779,0.50055,0.0028331,1.6208,-0.066022,-0.0040765,39.046,-82.614,-4.8393,1.621,-0.061428,-0
1.8114,0.50054,0.0028124,1.6185,0.0046558,0.00043599,14.651,-283.71,3.4373,1.6184,0.0092075,-0
1.8453,0.5008,0.0027706,1.6438,0.078903,-0.005263,-120.65,694.11,11.031,1.6436,0.083459,-0
1.8792,0.50088,0.0027883,1.6148,0.08413,-0.0019456,22.195,-213.02,-2.7007,1.6145,0.088633,-0
1.9126,0.50078,0.0027738,1.6173,-0.060266,-0.0018295,44.032,-252.5,-4.3146,1.6174,-0.055779,-0
1.9464,0.50048,0.0027653,1.6122,0.067175,0.0024702,-14.107,-98.039,-2.936,1.612,0.071633,-0
1.9801,0.50054,0.0027468,1.6337,-0.041283,-0.0055959,40.534,65.154,-7.4208,1.6338,-0.036793,-0
2.0141,0.50083,0.0026686,1.6512,-0.048464,-0.001463,44.876,-237.38,-5.6079,1.6513,-0.044057,-0
2.0476,0.50075,0.0026899,1.6119,-0.0034693,0.0028664,3.6807,-308.68,6.147,1.6119,0.00086602,-0
2.0815,0.50044,0.0027185,1.6284,-0.080191,0.004966,52.825,-280.93,-9.1636,1.6287,-0.075767,-0
2.115,0.50044,0.0027328,1.6013,0.078079,-0.00074527,-101.94,566.79,-8.7259,1.6011,0.082454,-0
2.1488,0.50077,0.0027177,1.657,-0.029769,-0.0040485,28.124,218.19,-9.2756,1.6571,-0.025264,-0
2.1829,0.50098,0.0027105,1.6402,-0.057959,0.0097818,26.958,-260.81,0.042955,1.6403,-0.053518,-0
2.2164,0.50075,0.0027775,1.6213,-0.087334,-0.0012687,60.289,-203.93,-7.416,1.6216,-0.08283,-0
2.2501,0.50037,0.002722,1.6205,0.022591,-0.0095226,-104.45,705.21,11.797,1.6204,0.027004,-0
2.2836,0.50011,0.0025799,1.6189,-0.0086292,-0.0066788,11.087,-305.21,3.5161,1.6189,-0.0044498,-0
2.3175,0.50015,0.0022988,1.6429,0.0072437,-0.021469,-16.914,575.31,-8.9435,1.6429,0.01103,-0
2.3513,0.50015,0.0020306,1.6303,-0.0061082,-0.021018,11.019,285.98,-11.38,1.6303,-0.0027856,-0
2.3846,0.50042,0.0017914,1.6065,0.059732,-0.0061221,13.483,-333.07,3.283,1.6064,0.062611,-0
2.4182,0.50056,0.0017031,1.6102,0.062291,-0.00095086,-131.19,708.83,12.258,1.6101,0.065034,-0
2.4519,0.50088,0.0017624,1.6397,-0.047707,0.0015157,38.605,39.286,-7.275,1.6398,-0.044819,-0
2.4858,0.50107,0.0018877,1.6338,0.0032162,0.0099309,4.0168,-291.55,5.5715,1.6338,0.0062976,-0
2.5193,0.50074,0.0021372,1.6373,-0.098804,0.015637,56.844,-223.93,-0.064487,1.6375,-0.095315,-0
2.5532,0.5004,0.0023869,1.6134,0.079208,0.011411,-124.59,312.77,6.6665,1.6132,0.083056,-0
2.587,0.50052,0.0026164,1.6313,-0.051498,0.010301,49.39,-141.58,-6.534,1.6315,-0.047237,-0
2.621,0.50098,0.0028176,1.6465,0.011387,0.012473,9.6235,-303.38,1.7178,1.6464,0.016021,-0
2.6552,0.50115,0.0030133,1.6333,0.041003,0.017017,-21.467,-340.59,7.6277,1.6332,0.045921,-0
2.6891,0.50099,0.0032015,1.6407,-0.065856,0.0016971,52.981,-247.66,-1.5873,1.6409,-0.060604,-0
2.723,0.50074,0.0033325,1.6397,0.049548,0.0033527,-113.62,722.41,4.6916,1.6395,0.055011,-0
2.757,0.50084,0.0034048,1.6379,-0.041861,0.0026656,61.755,-264.79,-9.7601,1.638,-0.036286,-0
2.7913,0.50122,0.0033509,1.6425,0.0032731,-0.0013733,15.097,-291.83,1.4465,1.6425,0.0087777,-0
2.8253,0.50117,0.0033403,1.6252,-0.034964,-0.00098415,24.728,-266.22,-1.722,1.6253,-0.029535,-0
2.859,0.50083,0.0033112,1.6509,-0.099571,0.001562,39.36,-3.3018,8.2316,1.6513,-0.094104,-0
2.8927,0.50062,0.0032229,1.6072,0.079336,-0.0066452,5.7947,-335.92,2.9617,1.6069,0.084517,-0
2.9265,0.50083,0.0030947,1.6422,0.021805,-0.010174,-25.56,622.37,-7.5923,1.6421,0.026891,-0
2.9606,0.50105,0.0029157,1.6487,-0.039944,-0.0086614,13.815,292.88,-8.613,1.6489,-0.035132,-0
2.9939,0.50079,0.002813,1.6061,0.048996,-0.0015269,-28.463,-12.397,8.6684,1.606,0.053514,-0
3.0275,0.50043,0.0027061,1.6013,-0.033461,-0.0064315,9.222,-280.93,3.5337,1.6013,-0.029124,-0
3.0607,0.50041,0.0026149,1.6241,-0.012807,-0.0036632,-21.665,508.77,-1.6374,1.6242,-0.0085583,-0
3.0946,0.50076,0.0025155,1.6385,-0.0072373,-0.0096709,8.4061,354.77,-10.833,1.6385,-0.0031113,-0
3.1282,0.50071,0.0024698,1.6252,-0.047479,-0.0022976,31.603,244.73,-8.7121,1.6253,-0.043464,-0
3.1616,0.50049,0.0024405,1.603,0.057077,-0.0011536,2.0697,-329.42,7.1888,1.6028,0.060989,-0
3.1953,0.50027,0.0024872,1.6213,-0.080742,0.0065414,56.809,-213.43,-5.5213,1.6215,-0.076714,-0
3.2289,0.50053,0.0025224,1.6216,-0.001571,-0.0014209,21.591,-267.35,-1.1797,1.6216,0.00252,-0
3.2626,0.50087,0.0024995,1.6329,0.068437,0.00092658,25.796,-344.79,4.4754,1.6327,0.072518,-0
3.2964,0.50071,0.0026022,1.6218,0.048664,0.0053151,-99.027,715.46,4.218,1.6217,0.052883,-0
3.3301,0.50042,0.0027199,1.6213,0.046601,0.0080111,-4.1672,-259.96,1.8707,1.6212,0.051009,-0
3.3636,0.50054,0.0028155,1.612,0.028097,0.0030784,8.3696,-293.02,3.6633,1.6119,0.032635,-0
3.3977,0.50101,0.0028326,1.6331,0.04266,0.00050407,2.2037,-331.41,6.8811,1.633,0.047286,-0
3.432,0.50118,0.0028022,1.6322,0.089348,0.0075638,-52.765,259.04,7.9459,1.632,0.093919,-0
3.4655,0.50095,0.0028545,1.6236,0.043692,-0.002073,-9.257,-328.86,1.7403,1.6234,0.048326,-0
3.4994,0.50074,0.0028515,1.6106,-0.034753,0.00063458,20.585,-255.04,-0.41984,1.6106,-0.030161,-0
3.5332,0.50087,0.0028473,1.6474,0.039562,-0.0017342,-116.31,687.94,6.4877,1.6472,0.044253,-0
3.5673,0.50126,0.0027488,1.6453,0.013456,-0.010607,-5.7384,502.3,-12.004,1.6453,0.017983,-0
3.6012,0.50118,0.0027198,1.6255,-0.054936,-0.0054548,60.772,-257.94,-9.6416,1.6257,-0.050512,-0
3.6348,0.50086,0.0026935,1.637,-0.05886,0.0022651,-8.2341,412.23,1.2504,1.6371,-0.054452,-0
3.6683,0.50062,0.0027086,1.6035,0.041002,0.0028141,-12.622,-332.51,7.6739,1.6034,0.045345,-0
3.7021,0.50083,0.0026799,1.623,0.10829,-0.0056351,-86.11,225.47,25.126,1.6227,0.11264,-0
3.7361,0.50108,0.0025977,1.6288,0.091064,-0.003177,-95.664,287.86,13.128,1.6286,0.095296,-0
3.7696,0.50081,0.0026244,1.644,-0.068249,0.0027946,16.74,266.88,-8.9827,1.6442,-0.063937,-0
3.8033,0.50043,0.0026551,1.6028,0.086631,-0.00055374,-66.111,237.72,-1.4912,1.6025,0.090886,-0
3.8367,0.50047,0.0026583,1.6148,-0.054685,-7.6556e-06,54.101,-273.73,-4.1401,1.6149,-0.050393,-0
3.8705,0.50079,0.0026382,1.6357,-0.013473,0.00050891,20.45,-267.76,-0.35277,1.6357,-0.0091581,-0
3.9046,0.50086,0.0026445,1.6266,-0.092021,0.0051483,61.4,-182.97,-5.5216,1.6268,-0.087723,-0
3.938,0.50065,0.0026747,1.6296,0.015698,-0.0072708,-63.695,651.88,1.9924,1.6296,0.020059,-0
3.9717,0.50042,0.0026931,1.6158,-0.007421,0.0022681,8.9049,-307,3.9243,1.6158,-0.0030702,-0
4.0054,0.50047,0.0027,1.6224,0.077337,0.0011353,-127.39,523.56,20.277,1.6222,0.081718,-0
4.0394,0.50079,0.0026416,1.6439,0.061011,-0.005105,-101.84,710.6,1.3507,1.6437,0.065355,-0
4.0733,0.50058,0.0026479,1.6201,-0.044142,-0.0046111,13.329,247.7,-5.957,1.6202,-0.03985,-0
4.1069,0.50018,0.002701,1.6357,0.05442,0.0066396,-100.67,314.34,13.745,1.6355,0.058836,-0
4.1405,0.50002,0.002753,1.609,-0.0032424,0.0026485,1.0125,-275.7,0.060847,1.609,0.0011862,-0
4.1745,0.50039,0.0027404,1.6329,-0.013296,0.00063503,27.632,-256.78,-3.5629,1.6329,-0.0088212,-0
4.2086,0.50069,0.0027154,1.6393,-0.040338,0.0057742,36.069,-308.75,4.1174,1.6394,-0.035889,-0
4.2423,0.5005,0.002798,1.6368,-0.010566,0.0012409,-24.486,631.22,-8.2925,1.6368,-0.0059873,-0
4.276,0.50027,0.0028086,1.6198,0.064105,-0.0028331,9.2235,-269.74,1.6496,1.6196,0.068655,-0
4.3098,0.50031,0.0028095,1.6284,-0.064219,0.001148,46.614,-162.74,-3.5713,1.6285,-0.059645,-0
4.3437,0.50066,0.0027692,1.6435,-0.01921,-0.0012713,34.625,-241.32,-7.6227,1.6436,-0.014658,-0
4.3777,0.50068,0.0027467,1.6301,-0.0002978,8.9329e-05,-6.7861,565.61,-1.9633,1.6301,0.0041795,-0
4.4112,0.50055,0.0027176,1.6151,0.09,-0.0042436,-58.806,263.12,16.578,1.6149,0.094391,-0
4.4451,0.5004,0.002739,1.6204,-0.0042892,0.0037497,1.4459,-298.17,3.7177,1.6204,0.0001477,-0
4.4786,0.50064,0.0027252,1.6199,0.10051,-0.0060897,-31.446,-106.62,7.3563,1.6196,0.10492,-0
4.5127,0.50094,0.0026328,1.6307,0.050492,0.00066358,13.138,-325.96,6.2387,1.6305,0.054785,-0
4.5462,0.50073,0.0026627,1.6178,0.055983,0.0020842,-28.261,44.009,-13.141,1.6176,0.060289,-0
4.58,0.50038,0.0027056,1.6203,-0.043956,0.0055409,11.27,-280.35,1.7146,1.6204,-0.039574,-0
4.6136,0.50034,0.0027053,1.6056,0.095016,-0.0038597,-90.099,320.71,9.0832,1.6054,0.09936,-0
4.6474,0.50061,0.0026706,1.6283,0.082718,-0.0030355,-12.985,-87.752,4.6831,1.628,0.087067,-0
4.6813,0.5007,0.0026514,1.6544,-0.085227,0.008309,37.93,112.11,-13.564,1.6547,-0.080847,-0
4.7149,0.50042,0.0027326,1.605,0.054656,0.0027212,12.191,-314.83,-0.90268,1.6048,0.059041,-0
4.7487,0.50024,0.0027639,1.6214,-0.061368,7.8654e-05,48.411,-272.16,-6.0383,1.6215,-0.056887,-0
4.7822,0.50042,0.0028057,1.6248,0.022442,0.0020384,2.6639,-295.6,3.5449,1.6247,0.027,-0
4.8161,0.50083,0.0027503,1.6263,0.064693,-0.0056535,-3.5535,-344.4,8.8872,1.6261,0.069167,-0
4.8502,0.50073,0.0027478,1.6216,-0.028766,-0.0036386,29.122,-251.84,-6.0236,1.6217,-0.024308,-0
4.8838,0.5004,0.0027395,1.6383,-0.085476,0.00084239,39.069,58.943,-8.304,1.6385,-0.080988,-0
4.9173,0.50017,0.0027567,1.6137,0.066157,0.0034679,-127.69,447.15,28.138,1.6135,0.070605,-0
4.951,0.50049,0.0027212,1.6378,-0.034617,-0.0058506,29.552,39.179,0.085942,1.6379,-0.030156,-0
4.9852,0.50084,0.0026175,1.645,-0.070593,-0.0040161,52.356,-170.98,-15.032,1.6452,-0.066286,-0
5.0186,0.50074,0.0026387,1.627,-0.028339,0.0047414,7.8484,-285.58,3.565,1.6271,-0.024047,-0
5.0524,0.50041,0.0026269,1.6287,-0.044415,-0.0044807,14.607,289.28,-6.7403,1.6288,-0.040135,-0
5.0858,0.50045,0.0025975,1.6114,0.026728,0.0022702,5.0022,-312.97,6.2012,1.6113,0.030913,-0
5.1197,0.50074,0.0025782,1.6322,0.094111,0.00029137,-112.46,310.77,-2.4698,1.6319,0.098319,-0
5.1537,0.5009,0.0025652,1.6209,-0.045817,0.0045177,32.408,-246.85,-5.7547,1.621,-0.041662,-0
5.1872,0.5008,0.0025687,1.628,-0.028192,-0.0045043,-9.0276,430.55,-1.1481,1.628,-0.024008,-0
5.2208,0.50058,0.0025681,1.6099,0.03935,0.0017671,-6.5734,-353.77,10.235,1.6098,0.043484,-0
5.2545,0.50059,0.002596,1.6393,0.0069644,-0.00075771,-16.415,522.69,-5.5678,1.6393,0.01122,-0
5.2886,0.50093,0.0025592,1.6471,-0.040533,-0.0026822,30.686,121.26,-3.7512,1.6472,-0.036316,-0
5.3224,0.50079,0.0025847,1.618,-0.073294,-0.0035082,45.214,-142.49,-16.528,1.6181,-0.069111,-0
5.356,0.50043,0.00266,1.65,-0.039107,0.0093287,-16.196,518.78,-2.4491,1.6501,-0.034723,-0
5.3896,0.50032,0.0027443,1.6047,0.029136,0.0023978,2.7442,-314.74,3.9228,1.6046,0.033539,-0
5.4235,0.5007,0.0027731,1.6363,0.097699,0.00051576,-13.568,-119.67,12.658,1.636,0.10224,-0
5.4576,0.501,0.0027688,1.6271,0.013434,0.0031701,13.153,-329.75,6.7291,1.6271,0.017939,-0
5.4913,0.5008,0.0028726,1.627,-0.080574,0.0076006,63.813,-269.65,-10.815,1.6272,-0.075905,-0
5.5249,0.50058,0.0029167,1.6321,-0.055039,-0.0032389,41.638,23.152,-10.525,1.6323,-0.050277,-0
5.5585,0.50066,0.0029297,1.6179,0.057071,0.0013786,-8.7721,-355.74,12.558,1.6177,0.06181,-0
5.5926,0.50096,0.002908,1.641,0.087265,-0.0017713,-115.6,404.72,16.654,1.6407,0.092037,-0
5.6268,0.50102,0.0028983,1.6284,-0.069045,-0.0022461,42.454,-56.379,-5.655,1.6286,-0.064324,-0
5.6601,0.50082,0.0028592,1.6131,0.056738,-0.0028999,-94.526,466.18,29.87,1.6129,0.061351,-0
5.6939,0.50052,0.0028472,1.62,-0.018436,0.0018225,-0.3807,-284.71,2.7787,1.62,-0.013824,-0
5.7276,0.50066,0.0028145,1.6249,0.086216,-0.0064658,-127.99,493.66,42.264,1.6246,0.090791,-0
5.7616,0.50102,0.0027043,1.6538,-0.046456,-0.0030153,30.325,112.44,-6.1945,1.6539,-0.041982,-0
5.7952,0.50102,0.0026783,1.6084,0.033703,0.00024512,11.502,-337.75,4.7245,1.6083,0.038011,-0
5.8289,0.5007,0.0026398,1.6234,-0.077898,0.00054995,60.849,-284.07,-8.3442,1.6236,-0.073612,-0
5.8623,0.50059,0.0025984,1.6156,0.033173,-0.0048317,-67.091,652.23,-2.1105,1.6156,0.037373,-0
5.8962,0.50082,0.0025336,1.6459,-0.025599,-0.0079935,12.415,304.27,-16.778,1.6459,-0.021427,-0
5.9299,0.50092,0.0024713,1.6496,-0.049675,0.006773,-11.846,464.09,-0.64897,1.6498,-0.045602,-0
5.9635,0.50067,0.0025305,1.6016,0.083576,0.0011532,-88.779,312.97,-1.561,1.6014,0.087628,-0
5.9971,0.50055,0.002555,1.612,-0.00041521,0.00095791,12.324,-286.93,5.5873,1.612,0.0037035,-0
6.0306,0.50072,0.0025977,1.6353,0.018182,0.0040393,-32.989,601.85,-0.24195,1.6353,0.022428,-0
6.0647,0.50107,0.002575,1.6435,0.033513,-0.0082844,-52.115,631.18,-1.1642,1.6434,0.037748,-0
6.0984,0.50101,0.0026148,1.6098,0.065084,-0.0023461,18.252,-335.49,2.0519,1.6096,0.069293,-0
6.132,0.5008,0.0026498,1.6314,-0.076002,0.0037363,46.175,-265.66,-3.0157,1.6316,-0.071681,-0
6.1656,0.50064,0.0027132,1.6338,-0.061823,0.0035256,40.608,50.197,-9.8276,1.634,-0.057393,-0
6.1995,0.50099,0.002718,1.6283,-0.023431,-0.0049993,32.25,-225.73,0.34164,1.6283,-0.019002,-0
6.2336,0.50133,0.0026534,1.6343,-0.011092,0.0018286,12.517,-280.88,3.1509,1.6344,-0.0067562,-0
6.2671,0.50111,0.0027043,1.6272,0.050307,0.0059934,-21.584,-64.419,0.15919,1.6271,0.054706,-0
6.3009,0.50075,0.0027491,1.6119,-0.019005,0.0019234,7.4458,-276.06,0.88308,1.6119,-0.014574,-0
6.3346,0.50071,0.0027401,1.6326,0.0091238,-0.0039136,-29.024,586.89,-6.5874,1.6326,0.013598,-0
6.3685,0.50099,0.0027061,1.6509,-0.055982,-0.0019226,31.483,25.602,-3.5661,1.6511,-0.051513,-0
6.4025,0.50109,0.0026819,1.6162,0.04458,0.0043856,-12.281,-318.93,5.355,1.616,0.048914,-0
6.436,0.50101,0.0026687,1.6131,-0.035822,-0.0041606,34.267,-244.95,-1.6275,1.6132,-0.031515,-0
6.4697,0.50075,0.0026476,1.6393,-0.03279,-0.0026047,-3.6755,488.18,-6.7973,1.6393,-0.02845,-0
6.5033,0.50078,0.0026454,1.6256,-0.027577,0.00061989,31.99,-238.12,-3.5344,1.6257,-0.023277,-0
6.5373,0.50107,0.0025681,1.6319,0.0026411,-0.0039779,6.2747,-299.48,4.2933,1.6318,0.0068339,-0
6.5711,0.50097,0.0026055,1.6071,0.029932,0.0035521,4.3726,-320.29,5.2841,1.607,0.034119,-0
6.6047,0.50072,0.0026478,1.6356,-0.077397,0.0053417,54.907,-256.58,-2.6897,1.6358,-0.073069,-0
6.6383,0.50057,0.0026696,1.6092,0.070604,-0.00051428,-114.55,491.14,26.46,1.609,0.0749,-0
6.6721,0.50081,0.0026642,1.6529,-0.046494,-0.0013223,30.707,50.485,1.2321,1.653,-0.042089,-0
6.7062,0.50105,0.0026234,1.6204,0.079566,-0.00054541,-74.624,261,12.928,1.6202,0.083817,-0
6.7399,0.5008,0.0026795,1.6298,-0.099915,0.005533,54.372,-213.46,-10.539,1.63,-0.095552,-0
6.7734,0.50047,0.0027026,1.6288,-0.031072,-0.0050547,-6.2982,427.48,-7.6418,1.6289,-0.026668,-0
6.8069,0.50056,0.0027124,1.6179,0.07576,0.0019945,12.495,-323.86,7.2416,1.6177,0.080147,-0
6.8409,0.5009,0.0026987,1.6486,0.057822,-0.0020132,-128.69,686.69,4.5501,1.6484,0.062271,-0
6.875,0.501,0.0026906,1.617,-0.054981,-0.0010442,54.28,-264.98,-4.8042,1.6171,-0.05063,-0
6.9084,0.50085,0.0026728,1.62,0.055129,-0.0050735,-100.54,690.72,16.781,1.6199,0.059461,-0
6.942,0.50061,0.0026745,1.6141,0.039975,0.0035716,-5.4881,-342.13,6.2567,1.614,0.044291,-0
6.9758,0.50075,0.0026737,1.6455,0.013007,-0.0076999,-12.754,495.72,-6.5602,1.6455,0.01741,-0
7.0098,0.50108,0.0025844,1.6513,-0.057043,-0.001075,32.743,48.41,3.9156,1.6514,-0.052774,-0
7.0434,0.50105,0.0026312,1.6073,-0.020447,0.0057134,10.679,-302.23,3.943,1.6074,-0.01622,-0
7.0772,0.50081,0.0026802,1.642,-0.043692,0.00032606,-8.614,467.35,-12.619,1.6421,-0.039293,-0
7.1107,0.50082,0.0026785,1.6046,0.0040385,-0.00040663,12.677,-296.86,2.3219,1.6046,0.0083366,-0
7.1447,0.50102,0.0026731,1.6423,0.024528,0.0013,2.8093,-306.93,5.7988,1.6422,0.028918,-0
7.1787,0.50115,0.0026717,1.6411,-0.083195,0.0086398,51.759,-254.39,1.08,1.6413,-0.078816,-0
7.2123,0.50092,0.0027418,1.6302,-0.032195,-0.00080059,-6.3425,482.43,-6.6421,1.6303,-0.027725,-0
7.2459,0.50068,0.0027573,1.6105,0.02209,0.0011559,3.5584,-333.84,5.2435,1.6104,0.02653,-0
7.2796,0.50067,0.0028149,1.6413,-0.063399,0.0034669,40.716,15.216,-11.162,1.6415,-0.058782,-0
7.3135,0.50101,0.002813,1.6387,0.013883,0.00031912,3.2579,-273,3.8383,1.6387,0.018493,-0
7.3475,0.50108,0.0028622,1.6251,-0.011245,-0.0024702,-8.1366,441.88,-3.323,1.6252,-0.006593,-0
7.381,0.50095,0.0028883,1.621,0.054328,0.0011861,14.052,-327.65,4.3999,1.6208,0.05901,-0
7.4146,0.50071,0.0029132,1.6122,-0.034222,0.0042769,18.363,-261.35,-3.4751,1.6123,-0.029527,-0
7.4484,0.5009,0.0029111,1.626,0.098084,-0.003121,14.614,-345.19,5.0921,1.6257,0.10282,-0
7.4825,0.50118,0.0028541,1.6578,-0.040948,-0.0017349,17.319,228.06,-6.9344,1.6579,-0.036216,-0
7.5161,0.50111,0.0028899,1.6324,-0.0038578,0.0048478,-32.18,636.7,-5.2124,1.6324,0.00085723,-0
7.5498,0.50083,0.0029056,1.6153,0.064882,-0.0031084,7.1391,-319.93,1.3755,1.6151,0.069575,-0
7.5835,0.50079,0.0028746,1.6205,-0.044831,-0.002142,26.648,179.58,-10.283,1.6206,-0.040172,-0
7.6172,0.50104,0.0028513,1.6386,-0.0048761,0.00073582,9.3503,-278.42,1.2353,1.6386,-0.00020414,-0
7.6511,0.50115,0.002826,1.6238,-0.026062,0.01006,0.56563,-305.87,4.0736,1.6239,-0.021476,-0
7.6848,0.50095,0.0028586,1.629,-0.082453,-0.0028357,49.485,-90.237,1.0015,1.6292,-0.077795,-0
7.7185,0.5008,0.0028689,1.6169,0.061022,-0.00029129,11.542,-292.34,3.0787,1.6167,0.065661,-0
7.752,0.50092,0.0028669,1.6338,-0.053336,-0.00016467,50.737,-109.7,-8.4903,1.6339,-0.048652,-0
7.7861,0.50125,0.0027906,1.6438,-0.051086,-0.0056083,60.149,-218.82,-11.746,1.6439,-0.046496,-0
7.8199,0.50115,0.0027582,1.6089,0.078568,-0.0042941,9.1053,-211.03,9.5681,1.6087,0.083007,-0
7.8536,0.50073,0.0027389,1.6338,-0.098535,0.0042822,51.839,-257.75,-4.156,1.6341,-0.094062,-0
7.8872,0.50046,0.0027377,1.6252,-0.026015,-0.0025586,-9.1222,443.79,-4.9008,1.6253,-0.021565,-0
7.9209,0.50077,0.0027145,1.6309,0.010465,-0.0016609,18.421,-301.16,3.136,1.6309,0.014893,-0
7.955,0.50107,0.0026634,1.6277,-0.058822,-0.00013156,41.286,-144.22,-6.0371,1.6278,-0.054487,-0
7.9885,0.50087,0.0027137,1.6417,-0.0077519,0.0024551,-42.98,641.61,-2.2793,1.6417,-0.0032985,-0
8.0222,0.5006,0.002742,1.5994,0.089223,0.00095097,-78.04,282.71,7.6826,1.5991,0.093608,-0
8.0556,0.50072,0.0027714,1.6279,-0.063168,0.00081016,52.64,-230.01,-2.3242,1.628,-0.058657,-0
8.0896,0.50103,0.002728,1.6478,-0.060698,-0.0032807,59.379,-193.35,-9.2052,1.648,-0.056201,-0
8.1238,0.50098,0.0027187,1.6153,0.038792,0.00067109,-7.2245,-323.78,0.27257,1.6152,0.043183,-0
8.1573,0.50072,0.0027079,1.6199,-0.052325,-0.0019343,32.833,-245.55,-2.4964,1.62,-0.047937,-0
8.191,0.5005,0.0027398,1.6385,-0.063395,0.0039572,39.666,88.252,-9.1513,1.6386,-0.058909,-0
8.2249,0.50077,0.0027383,1.6214,-0.004503,-0.0024516,22.486,-254.09,-1.9623,1.6214,-6.2074e-05,-0
8.2587,0.50117,0.0026622,1.6403,0.10638,-0.0030859,26.331,-198.91,2.7812,1.64,0.11075,-0
8.2923,0.50115,0.0026693,1.6193,-0.049587,0.0015982,32.178,-259.39,0.21594,1.6194,-0.045265,-0
8.3262,0.50084,0.0026899,1.6384,-0.084343,0.0017657,32.094,64.074,-9.4236,1.6386,-0.079938,-0
8.3596,0.50077,0.0026911,1.6017,0.081767,-0.0015902,6.4794,-235.46,2.9185,1.6015,0.086077,-0
8.3934,0.50102,0.0026608,1.6494,0.0030967,-0.0041959,-9.5822,515.07,-8.3105,1.6494,0.0074869,-0
8.4274,0.50121,0.0026285,1.6275,0.049493,0.008396,18.7,-356.23,6.243,1.6274,0.053769,-0
8.461,0.50097,0.002688,1.6253,-0.073774,0.0013952,58.842,-278.71,-2.8937,1.6255,-0.069406,-0
8.4947,0.5007,0.0027048,1.6176,-0.018543,-0.0013229,-22.719,501.94,-1.9249,1.6177,-0.014167,-0
8.5283,0.50079,0.0027457,1.6274,0.01745,0.004254,4.352,-288.26,2.6239,1.6274,0.021917,-0
8.5622,0.50115,0.002722,1.6272,0.071176,-0.0035612,12.285,-327.41,2.1121,1.627,0.075606,-0
8.5962,0.50117,0.0027402,1.631,-0.060831,-0.0040185,56.462,-129.93,-18.61,1.6312,-0.05636,-0
8.6297,0.50097,0.0027407,1.633,-0.014659,0.0021542,-27.417,618.78,-0.16333,1.633,-0.010184,-0
8.6633,0.50073,0.0027494,1.6101,0.00034059,0.0035107,3.9109,-289.61,4.1925,1.6101,0.0047666,-0
8.697,0.50088,0.0027257,1.6245,0.093842,-0.0047706,-92.263,391.85,8.7188,1.6243,0.098271,-0
8.7312,0.50111,0.0026425,1.6325,0.090761,-0.0029556,-59.755,186.83,13.773,1.6322,0.095075,-0
8.7649,0.50083,0.0026595,1.6441,-0.067645,0.0019095,21.95,245.93,-8.6428,1.6442,-0.063275,-0
8.7984,0.50042,0.0026891,1.6122,0.061395,0.00051923,-52.431,64.807,2.9072,1.6121,0.06573,-0
8.8319,0.50041,0.0026897,1.6049,0.0018836,0.0020601,6.9428,-303.83,6.9424,1.6049,0.0062,-0
8.8658,0.50071,0.002683,1.6379,0.0062127,0.0004094,9.6261,-276.06,1.6867,1.6379,0.010607,-0
8.8999,0.50078,0.0026729,1.6297,-0.08298,0.0071896,55.818,-265.71,-5.0517,1.6299,-0.078628,-0
8.9334,0.50046,0.002704,1.6244,0.057011,-0.0038121,-124.13,528.61,22.921,1.6242,0.061404,-0
8.9672,0.50015,0.0027184,1.6106,-0.036604,0.0014067,14.108,-273.14,4.2037,1.6107,-0.032226,-0
9.0008,0.50017,0.0027431,1.6372,0.054988,-0.00037647,-129.8,698.29,17.182,1.637,0.059479,-0
9.0348,0.50052,0.0026924,1.647,0.0043094,-0.0047695,-8.57,474.53,-2.8876,1.647,0.008746,-0
9.0685,0.5005,0.0027187,1.6275,-0.063709,-0.0045797,47.086,-177.04,-6.2078,1.6277,-0.059282,-0
9.1023,0.5003,0.0027669,1.6291,0.060905,0.0058889,-43.781,98.775,0.79671,1.6289,0.065411,-0
9.1362,0.50023,0.0028033,1.6048,-0.021836,0.0016191,15.435,-260.52,0.24204,1.6048,-0.017338,-0
9.1699,0.50061,0.0027939,1.6312,0.097042,-0.0025105,-20.223,-95.543,20.569,1.6309,0.1016,-0
9.2041,0.50092,0.0027327,1.6474,-0.043741,-0.00022629,27.11,191.53,-4.6721,1.6475,-0.039239,-0
9.2375,0.50079,0.0027882,1.6246,0.034889,0.0047954,-107.73,680.86,10.535,1.6245,0.039417,-0
9.2713,0.50065,0.0028272,1.617,0.086053,-0.0031082,-0.57961,-210.84,5.0988,1.6168,0.090625,-0
9.305,0.5008,0.0027893,1.6205,-0.05976,-0.0017587,38.342,16.294,-5.0975,1.6207,-0.055239,-0
9.3387,0.5011,0.0027256,1.6508,-0.056884,-0.0031351,71.381,-232.46,-14.293,1.651,-0.052384,-0
9.3727,0.50109,0.0026853,1.6062,0.074672,-0.0016192,-45.063,118.88,-6.5582,1.606,0.078985,-0
9.4062,0.50096,0.0026423,1.6124,-0.013684,-0.0038243,10.402,-285.39,6.2111,1.6124,-0.0094216,-0
9.4398,0.50072,0.0026188,1.6345,-0.039542,0.00039284,-3.2653,322.99,-4.1113,1.6346,-0.035262,-0
9.4734,0.5009,0.0026015,1.6138,0.03173,-0.0032327,9.2145,-283.4,0.30401,1.6138,0.03593,-0
9.5074,0.50121,0.0025073,1.6333,0.051809,-0.0017603,0.36131,-333.96,6.8901,1.6332,0.055904,-0
9.541,0.50111,0.0025415,1.6057,0.074044,0.0021655,11.707,-175.68,-0.32907,1.6055,0.078124,-0
9.5746,0.5008,0.0025783,1.6195,0.011956,0.0081275,-17.764,-346.5,12.498,1.6195,0.01613,-0
9.6083,0.50072,0.0026167,1.6207,-0.010358,-0.0014463,-21.41,471.76,-2.7167,1.6207,-0.0061169,-0
9.6421,0.50101,0.0026095,1.6482,-0.047732,-0.0025089,40.814,24.35,-4.4731,1.6484,-0.04343,-0
9.676,0.50115,0.0025956,1.6483,-0.053225,0.0077939,5.3069,405.14,-4.667,1.6485,-0.048951,-0
9.7097,0.50091,0.0026961,1.611,0.086079,0.0034805,-115.74,282.43,-1.1643,1.6107,0.090421,-0
9.7434,0.50074,0.0027228,1.6151,-0.026865,0.00085055,25.32,-269.03,-2.6366,1.6151,-0.022468,-0
9.7769,0.5008,0.0027421,1.6273,0.07053,0.0016196,-112.56,688.25,-5.8419,1.6271,0.074992,-0
9.811,0.50111,0.0026932,1.6406,0.069383,-0.0085826,-118.12,705.19,14.488,1.6404,0.073804,-0
9.8448,0.50102,0.0027014,1.6326,-0.074053,-0.0015615,61.233,-206.61,-7.8019,1.6328,-0.069642,-0
9.8785,0.50073,0.0026923,1.617,0.041834,-0.0009491,-116.84,624.98,1.7124,1.6169,0.046188,-0
9.9121,0.50045,0.0027055,1.6174,-0.018127,0.0055512,6.6546,-280.03,4.339,1.6175,-0.013753,-0
9.9459,0.50062,0.0027007,1.6198,0.11609,-0.0051942,-62.636,166.09,1.849,1.6195,0.12047,-0
9.9799,0.50093,0.002632,1.6528,-0.018612,-0.0053936,-1.7702,387.07,-10.059,1.6529,-0.01426,-0
10.014,0.50075,0.0026572,1.6448,-0.067482,0.0034507,18.468,245.05,-4.4098,1.645,-0.063114,-0
10.047,0.50032,0.0026857,1.6076,0.051712,0.00081247,19.998,-230.65,-3.4543,1.6075,0.056029,-0
10.081,0.50022,0.0026913,1.6291,-0.05646,-0.0020682,46.797,-92.663,-17.119,1.6293,-0.052076,-0
10.115,0.50054,0.0026859,1.6355,0.00026308,0.00059203,5.1177,-277.01,2.0474,1.6355,0.0046557,-0
10.149,0.50065,0.0026793,1.6252,-0.030202,0.010046,-4.4024,-271.02,2.8877,1.6252,-0.025851,-0
10.182,0.50033,0.0027205,1.6347,0.020889,-0.0014682,-116.25,696.95,2.0476,1.6347,0.025337,-0
10.216,0.50002,0.0027497,1.609,-0.034063,0.002449,18.929,-291.03,3.2855,1.6091,-0.029639,-0
10.25,0.50003,0.0027936,1.6331,0.092975,0.0038527,-55.187,110.77,17.319,1.6328,0.097536,-0
10.284,0.50046,0.0027726,1.645,0.00052307,-0.0033508,-1.5685,361.31,-0.6624,1.6449,0.0050857,-0
10.318,0.5005,0.0028029,1.6154,-0.026183,-0.0020249,23.22,-249.36,-4.9255,1.6154,-0.021655,-0
10.351,0.50024,0.0028378,1.6469,-0.021313,0.0051955,-22.534,615.83,-3.7766,1.647,-0.016642,-0
10.385,0.50007,0.0028656,1.6039,0.0043196,0.0027097,0.22414,-280.55,2.9038,1.6039,0.0089151,-0
10.419,0.50034,0.0028323,1.6345,0.081479,-0.0044,7.2228,-311.08,7.0889,1.6343,0.086109,-0
10.453,0.50061,0.0027635,1.6203,0.0082976,0.00052894,4.4088,-201.53,5.2419,1.6203,0.012775,-0
10.487,0.50036,0.002797,1.6352,-0.093353,0.0043436,36.992,40.061,-11.859,1.6355,-0.088783,-0
10.52,0.50008,0.0028091,1.6102,0.092657,-0.0037724,7.388,-175.54,-2.6581,1.61,0.09718,-0
10.554,0.50013,0.0027746,1.6266,-0.0035983,-0.004481,-4.4406,463.14,-7.8002,1.6266,0.00091626,-0
10.588,0.50042,0.0027112,1.6552,-0.042587,-0.0027517,33.218,109.27,-2.5239,1.6553,-0.038098,-0
10.622,0.50046,0.0026985,1.6167,-0.063369,0.0026408,57.195,-293.22,-3.8511,1.6168,-0.059008,-0
10.655,0.50038,0.0027088,1.6315,-0.038527,-0.0073195,31.327,194.23,-15.114,1.6316,-0.034104,-0
10.689,0.50032,0.0027119,1.6123,0.073134,0.00045287,19.524,-218.86,-0.078246,1.6121,0.077506,-0
10.722,0.50051,0.0026994,1.637,-0.0049132,-0.0063721,10.588,341.71,-15.548,1.637,-0.00049238,-0
10.757,0.50087,0.002616,1.6456,-0.010777,-0.0050963,-0.24564,399.33,-7.922,1.6456,-0.0064699,-0
10.79,0.5008,0.0026295,1.6042,0.049636,-0.00049095,23.038,-351.42,5.8851,1.6041,0.053855,-0
10.824,0.50053,0.0026805,1.6186,-0.018606,0.0088085,11.722,-300.87,2.7401,1.6186,-0.014271,-0
10.857,0.50054,0.0027113,1.6116,-0.042842,-0.0017501,53.455,-267.57,-4.776,1.6117,-0.038471,-0
10.891,0.50089,0.002678,1.6323,-0.023796,-0.0007547,29.821,-250.89,-4.5687,1.6323,-0.019424,-0
10.925,0.50102,0.0026308,1.6486,-0.056698,0.0072875,2.0476,405.34,0.5226,1.6487,-0.052364,-0
10.959,0.5007,0.0026767,1.6064,0.012172,0.00094196,-0.95646,-333.57,4.5466,1.6063,0.016472,-0
10.992,0.50042,0.0026873,1.6218,-0.056197,-0.0021473,48.518,-264.37,-3.2862,1.6219,-0.051837,-0
11.026,0.50051,0.0026877,1.6206,0.091319,0.001144,-98.186,320.67,-8.3881,1.6204,0.095674,-0
11.06,0.50084,0.0026383,1.6439,0.039335,-0.0083459,-59.754,648.14,-0.31719,1.6438,0.043675,-0
11.093,0.50093,0.0026401,1.6124,-0.0047952,-0.0028956,13.585,-279.56,0.32412,1.6124,-0.0005371,-0
11.127,0.50073,0.0026083,1.6312,-0.0083511,-0.0030583,-75.993,668.98,7.3004,1.6313,-0.0040954,-0
11.161,0.50045,0.002612,1.6187,0.045501,0.0021951,-16.778,-348.87,9.3462,1.6185,0.049728,-0
11.194,0.50057,0.0025899,1.6273,0.059576,-0.0042532,-84.896,681.49,-0.73887,1.6272,0.063792,-0
11.229,0.50086,0.002532,1.6529,-0.023181,-0.0039483,5.8147,372.3,-11.997,1.653,-0.018995,-0
11.262,0.50073,0.0025622,1.6319,-0.081683,0.0048911,61.996,-272.48,-2.3438,1.6321,-0.077504,-0
11.296,0.50036,0.0026093,1.6318,-0.081967,0.00032399,49.114,62.269,-16.16,1.632,-0.07771,-0
11.329,0.50034,0.0026218,1.6114,0.054824,0.00094832,-10.048,-357.12,9.7281,1.6112,0.059049,-0
11.363,0.50069,0.0026329,1.6479,-0.041234,-0.0007464,28.235,82.209,-9.5513,1.648,-0.036896,-0
11.397,0.50094,0.002633,1.6242,-0.0038116,0.0098485,1.7755,-286.27,2.7235,1.6242,0.0004621,-0
11.431,0.50083,0.00267,1.6242,-0.071452,-0.0032983,59.911,-195.73,-3.6535,1.6244,-0.067113,-0
11.464,0.50055,0.0026548,1.6205,0.05375,-0.0012853,-100.65,522.2,28.146,1.6203,0.058052,-0
11.498,0.50054,0.002674,1.6355,-0.059859,0.0019016,43.097,-144.75,-7.814,1.6357,-0.055487,-0
11.532,0.50087,0.0026203,1.6346,-0.014476,-0.003994,19.786,-270.75,1.469,1.6347,-0.010191,-0
11.566,0.50081,0.0026493,1.6183,-0.048499,-0.003309,44.727,-249.44,-6.8357,1.6185,-0.044209,-0
11.599,0.50053,0.0026673,1.6378,-0.0093676,0.0031032,-81.572,695.46,-2.1374,1.6378,-0.0050001,-0
11.633,0.50036,0.0027042,1.6106,-0.010995,0.0036674,8.5858,-280.41,0.99246,1.6107,-0.006641,-0
11.667,0.50064,0.0027006,1.6402,0.051989,-0.0018417,-101.46,682.83,3.4067,1.64,0.056419,-0
11.701,0.50096,0.0026672,1.619,0.019267,0.0023367,22.638,-156.35,-7.4959,1.6189,0.023585,-0
11.735,0.50072,0.0027268,1.6358,-0.10107,0.0060254,39.547,-23.571,-7.335,1.6361,-0.09661,-0
11.768,0.5004,0.0027806,1.6204,0.054769,-0.002809,-122.62,675.79,-4.1311,1.6203,0.059275,-0
11.802,0.50045,0.0027896,1.6242,-0.056445,0.00096259,61.036,-259.87,-7.9633,1.6243,-0.051915,-0
11.836,0.50074,0.002767,1.6488,-0.052873,-0.0017747,42.408,-77.545,-3.2994,1.6489,-0.048309,-0
11.87,0.50074,0.0027632,1.6112,-0.048296,0.0042119,36.799,-253.75,-4.49,1.6113,-0.043846,-0
11.903,0.50057,0.0027843,1.6309,-0.045221,-0.0059264,27.739,208.6,-14.867,1.631,-0.040678,-0
11.937,0.5004,0.0027833,1.6223,0.00074758,0.0016559,10.324,-301.39,5.2348,1.6222,0.0052624,-0
11.971,0.50055,0.0027892,1.6403,-0.037672,-0.0025352,36.295,78.852,-10.426,1.6404,-0.033096,-0
12.005,0.50097,0.0027129,1.6361,-0.04347,-0.0033912,53.564,-285.3,1.1213,1.6362,-0.039029,-0
12.038,0.50101,0.0027105,1.6108,-0.031757,0.00076505,22.464,-270.49,1.0951,1.6109,-0.027391,-0
12.072,0.50072,0.0026935,1.6296,-0.05405,0.0034614,19.651,-278.58,-1.5328,1.6298,-0.049662,-43.601
12.106,0.50043,0.0025704,1.6196,-0.0451,-0.013699,20.597,248.23,-10.563,1.6198,-0.040929,-90.754
12.14,0.50039,0.0022765,1.64,-0.073427,-0.015226,49.133,-252.82,-9.9699,1.6402,-0.069684,-138.36
12.173,0.50027,0.001909,1.6155,0.036698,-0.009666,19.483,-316.88,5.223,1.6154,0.039784,-186.34
12.207,0.5001,0.0016593,1.6015,-0.047783,-0.0094947,46.294,-249.31,-5.5925,1.6016,-0.04512,-232.98
12.24,0.50025,0.0015046,1.6044,0.063989,-0.0088082,-104.39,697.21,7.1812,1.6043,0.066406,-280.16
12.274,0.5006,0.0015201,1.6303,-0.029385,0.0059944,18.721,250.61,-3.5285,1.6304,-0.026911,-326.62
12.307,0.50095,0.0016296,1.6288,-0.038657,0.0063146,43.214,-241.57,-6.938,1.6288,-0.036007,-373.74
12.341,0.50074,0.0018662,1.6054,0.061222,0.0099576,9.6185,-310.76,-0.65229,1.6053,0.064217,-421.43
12.374,0.50044,0.002071,1.6169,-0.085413,0.0081528,56.759,-171.88,-3.4402,1.617,-0.082069,-467.62
12.408,0.50019,0.0023143,1.623,0.056447,0.012878,-119.31,559.74,11.203,1.6228,0.0602,-515.13
12.441,0.50049,0.0025402,1.6228,0.020071,0.0081952,7.233,-295.04,0.75914,1.6227,0.02419,-561.88
12.475,0.50093,0.0026751,1.6391,0.090045,0.0079489,-45.565,117.99,22.946,1.6388,0.094428,-609.97
12.509,0.50096,0.0028769,1.6219,0.064765,0.01145,-49.482,162.72,-13.652,1.6217,0.069428,-657.15
12.543,0.5007,0.0030397,1.6206,-0.0011048,0.0066249,5.5482,-284.41,1.1107,1.6206,0.0038197,-704.46
12.577,0.50072,0.003089,1.622,-0.047568,-0.00050243,40.098,-28.266,-3.827,1.6221,-0.042558,-751.25
12.611,0.50108,0.0030648,1.6394,-0.0033758,-0.0016304,5.3501,-282.25,2.4557,1.6394,0.0016495,-799.15
12.645,0.50119,0.0029835,1.6222,0.06792,0.003624,-2.8073,-166,0.40119,1.622,0.072759,-847.12
12.678,0.50093,0.0029204,1.6171,-0.081491,-0.0080974,63.449,-215.27,-6.9212,1.6173,-0.076763,-893.69
12.712,0.50054,0.0028008,1.6121,0.050851,-0.0068111,-110.5,645.87,12.534,1.612,0.055368,-941.3
12.745,0.50054,0.0027025,1.6135,-0.046332,-0.0047318,57.048,-255.78,-1.5191,1.6136,-0.041969,-987.67
12.779,0.5009,0.0025343,1.6167,0.058112,-0.0086,-2.7102,-338.84,4.7824,1.6165,0.06221,-1035.4
12.812,0.5009,0.0024517,1.5941,0.018367,-0.0057774,-3.934,-286.09,2.7583,1.594,0.022277,-1082.4
12.845,0.50066,0.0023615,1.6146,-0.073747,-0.0014093,29.161,193.35,-6.7328,1.6148,-0.069934,-1128.6
12.879,0.50043,0.0023012,1.5843,0.041653,-8.035e-05,-6.491,-333.43,6.9315,1.5842,0.045299,-1175.7
12.912,0.50066,0.0022384,1.6166,0.033416,-0.0075204,-20.627,621.15,-6.4871,1.6165,0.037038,-1221.8
12.945,0.50099,0.0021647,1.6085,-0.0047341,-0.0010972,-138.82,593.41,16.365,1.6085,-0.001252,-1269.3
12.978,0.5009,0.0022087,1.5935,-0.03103,0.0056404,3.1473,-275.03,2.9783,1.5935,-0.027513,-1315.4
13.011,0.50065,0.0022184,1.5929,-0.069586,-9.32e-05,60.965,-240.91,-6.5637,1.593,-0.066052,-1361.6
13.044,0.50073,0.0022137,1.5986,0.051244,-0.00060835,-102.68,705.19,6.3298,1.5985,0.054783,-1408.4
13.078,0.50112,0.0021837,1.6245,-0.043937,-0.0024735,63.695,-270.66,-2.1663,1.6246,-0.040387,-1454.8
13.111,0.50114,0.0021855,1.603,-0.059181,0.0045292,31.938,-254.03,-2.6757,1.6031,-0.05568,-1501.9
13.144,0.50079,0.002198,1.6009,0.0094543,-0.0059191,-106.66,689.03,7.3962,1.6008,0.012975,-1548.6
13.178,0.50043,0.002216,1.5994,0.0029932,0.0038186,9.8113,-294.12,4.0388,1.5994,0.0065366,-1595.3
13.211,0.50054,0.0022353,1.6019,0.10086,-0.00021123,-65.164,114.08,18.812,1.6016,0.10444,-1642.1
13.245,0.50093,0.002179,1.6362,-0.021288,-0.0026696,-0.085318,411.82,-1.4763,1.6363,-0.017721,-1689
13.278,0.50086,0.0022444,1.592,0.0041896,0.0015246,-0.05705,-303.62,6.4854,1.5919,0.0077623,-1735.9
13.311,0.50053,0.0023101,1.6291,-0.090923,0.0055357,30.589,59.864,-6.4511,1.6293,-0.087164,-1782.3
13.345,0.5005,0.0023663,1.5857,0.081606,0.0014292,12.725,-251.46,1.3601,1.5855,0.085358,-1829.5
13.378,0.50095,0.0023505,1.6283,0.037836,-0.0051687,-17.84,613.5,-4.5324,1.6282,0.041666,-1876.1
13.412,0.50123,0.0022939,1.6199,-0.072829,0.0050671,47.172,-273.48,-0.84554,1.62,-0.069115,-1923.3
13.445,0.50097,0.0023126,1.607,-0.01551,-0.00054795,-95.42,670.79,-0.15482,1.6071,-0.011794,-1970.1
13.478,0.50067,0.0022938,1.5844,0.059379,-0.003256,14.501,-318.44,5.1004,1.5842,0.063013,-2016.9
13.511,0.5007,0.0022616,1.6135,-0.055333,-0.0013594,39.44,81.898,-7.7086,1.6136,-0.051683,-2063
13.545,0.50103,0.0021607,1.6257,0.03961,-0.011285,-29.552,642.94,-5.1897,1.6256,0.043127,-2110.2
13.578,0.50096,0.0021301,1.6124,-0.062192,-0.0026532,40.365,63.59,-6.3192,1.6125,-0.058756,-2156.9
13.611,0.50075,0.0021238,1.596,0.050557,-0.0015404,-119.66,692.91,10.482,1.5959,0.053947,-2203.5
13.644,0.50066,0.0021456,1.5833,0.014702,0.0035146,8.0749,-289.03,3.1542,1.5833,0.018099,-2249.9
13.677,0.50104,0.0021113,1.6023,0.075098,-0.0063613,-82.188,711.4,1.8004,1.6022,0.078482,-2296.5
13.711,0.50136,0.002023,1.6194,0.033319,-0.0046786,-97.555,697.08,5.6624,1.6193,0.036596,-2343.4
13.744,0.5012,0.0020019,1.587,-0.034732,0.0049132,3.2871,-301.43,3.6803,1.587,-0.031557,-2389.7
13.777,0.50074,0.00201,1.6035,-0.089917,-0.0017218,49.256,-78.344,-9.978,1.6037,-0.086694,-2435.7
13.81,0.50073,0.0019766,1.5694,0.072548,-0.0011161,19.795,-344.45,8.4265,1.5692,0.07565,-2482.4
13.843,0.50109,0.0019077,1.616,0.062832,-0.0051837,-90.197,715.77,1.7803,1.6159,0.065916,-2528.8
13.876,0.50117,0.0018466,1.6214,-0.068603,0.0040488,11.187,270.32,-5.8591,1.6215,-0.065612,-2575.2
13.909,0.50085,0.0019003,1.5815,0.061,0.00014558,-0.28975,-311.17,0.81959,1.5814,0.064005,-2622.1
13.942,0.50058,0.0019129,1.5874,-0.036647,-0.00097711,25.149,-254.33,-0.66161,1.5875,-0.03361,-2667.9
13.975,0.5007,0.001908,1.5858,0.093486,0.0026947,19.872,-195.48,2.4198,1.5856,0.096511,-2714.4
14.009,0.50113,0.0018636,1.6111,0.049798,-0.0049972,-67.874,669.39,0.49985,1.611,0.052802,-2761.1
14.042,0.50126,0.0018692,1.5809,0.063481,-0.0046114,-4.4166,-355.26,11.172,1.5807,0.066437,-2807.8
14.075,0.50105,0.0018807,1.601,-0.066008,0.003986,35.573,-255.57,-2.8915,1.6011,-0.062999,-2853.3
14.108,0.50083,0.0018774,1.5888,-0.030443,-0.0028965,-4.9269,397.78,-8.3396,1.5888,-0.027459,-2899.9
14.141,0.50117,0.0018311,1.6058,-0.038455,-0.0024937,61.38,-279.05,-6.7124,1.6058,-0.035513,-2945.8
14.174,0.50147,0.0017616,1.6016,0.047136,-0.0014757,-3.0492,-343,5.7128,1.6015,0.049958,-2993.3
14.207,0.50132,0.0018195,1.6005,-0.012489,0.004936,-70.881,686.69,0.2191,1.6005,-0.0095786,-3039.3
14.24,0.50105,0.0018689,1.5969,0.055143,-0.0018574,-139.63,717.85,6.9507,1.5968,0.058127,-3085.6
14.273,0.50123,0.0018519,1.5761,-0.029113,-0.0019757,32.538,-237.23,-1.2605,1.5761,-0.026194,-3131.5
14.306,0.50159,0.0017853,1.6,-0.020709,0.00026744,19.328,-266.29,0.04593,1.6001,-0.017852,-3178.1
14.339,0.50145,0.0017792,1.5848,0.067868,0.006399,-95.252,300.42,-3.2241,1.5847,0.070686,-3225
14.372,0.50113,0.0018337,1.5808,0.04284,-0.0028106,-9.2666,-350.22,10.5,1.5807,0.045739,-3271
14.405,0.50085,0.0018737,1.6002,-0.069417,0.001805,39.885,-38.403,-4.1763,1.6003,-0.06642,-3316.6
14.438,0.50106,0.00187,1.5726,0.0063302,-0.0014475,4.3594,-263.65,0.51433,1.5726,0.0092716,-3363.1
14.471,0.5014,0.0017826,1.6002,-0.025049,-0.0018309,30.3,-254.89,-3.4955,1.6002,-0.022195,-3409.5
14.504,0.50119,0.0017878,1.5691,-0.013036,0.0018876,14.802,-325.55,5.5056,1.5691,-0.010232,-3456.1
14.537,0.50078,0.0018437,1.6047,-0.10116,0.0039211,50.198,-240.58,-4.5991,1.6049,-0.098203,-3501.7
14.57,0.50067,0.0018382,1.5688,0.082561,-0.0028527,-124.21,457.45,4.0275,1.5687,0.085446,-3548.2
14.602,0.50109,0.0017552,1.5781,0.11213,-0.0050925,-88.622,285.11,7.3669,1.5779,0.1149,-3594.4
14.636,0.50137,0.0016868,1.5923,0.054346,0.0054043,29.143,-267.49,5.8895,1.5922,0.05703,-3640.9
14.668,0.50117,0.0017148,1.5849,-0.085308,0.0019874,59.3,-240.83,-1.6244,1.585,-0.082591,-3686.5
14.701,0.50094,0.0017032,1.5749,-0.053237,-0.0033223,44.971,-290.66,-3.5978,1.575,-0.050552,-3732.2
14.734,0.50113,0.0016549,1.584,0.08076,-0.0033773,1.5148,-264.39,2.6901,1.5838,0.083382,-3778.9
14.767,0.50164,0.001553,1.5832,0.086142,-0.0083242,-119.57,578.59,9.0283,1.5831,0.088603,-3825.1
14.8,0.50169,0.0015107,1.5692,-0.0092905,0.0010231,12.382,-302.25,0.29122,1.5692,-0.0069202,-3871.2
14.832,0.50142,0.001504,1.5906,-0.088113,-0.001845,43.404,-13.783,-6.1581,1.5907,-0.08572,-3916.7
14.865,0.50117,0.0014858,1.5712,0.074623,-0.0013133,3.24,-357.33,10.703,1.5711,0.076958,-3963.2
14.898,0.50139,0.0014033,1.5847,0.033085,-0.0075706,-42.41,596.14,-3.4749,1.5847,0.035312,-4008.7
14.931,0.50166,0.0013014,1.6,-0.017161,-0.0042047,-6.8528,445.73,-3.9966,1.6,-0.015077,-4055
14.963,0.50146,0.0013178,1.5767,-0.069906,0.0047596,50.751,-255.47,-4.9548,1.5768,-0.067831,-4100.6
14.996,0.50105,0.0013717,1.5937,-0.068818,0.0038429,29.261,221.76,-3.3746,1.5938,-0.066635,-4146.3
15.029,0.50115,0.0013903,1.5541,0.099124,-0.0010618,-2.6319,-146.21,8.7282,1.554,0.10129,-4192.5
15.062,0.5017,0.0013681,1.5996,0.021668,-0.00039828,-35.594,544.63,-0.61347,1.5996,0.023857,-4238.2
15.095,0.50193,0.0013397,1.5843,-0.090932,0.0044197,60.737,-212.44,-4.497,1.5845,-0.088812,-4284.5
15.127,0.50161,0.0013544,1.5732,0.050963,-0.0025498,-128.43,493.17,26.571,1.5732,0.053094,-4330.5
15.16,0.50119,0.0013468,1.5636,0.038647,-0.0016613,-7.1548,-361.21,7.6254,1.5635,0.040754,-4376.2
15.192,0.50123,0.001306,1.5868,-0.05373,-0.0032019,32.059,23.374,-14.78,1.5868,-0.051657,-4421.6
15.225,0.50169,0.001227,1.5932,-0.043062,-0.0052885,36.583,-54.255,-4.082,1.5933,-0.041104,-4467.7
15.258,0.50168,0.0012219,1.5725,-0.051988,-0.0046937,61.393,-275.29,-6.6093,1.5725,-0.050064,-4513.8
15.29,0.50134,0.0012219,1.5858,-0.022158,-0.00048881,-16.619,609.39,-7.4218,1.5858,-0.02022,-4559.4
15.323,0.50105,0.0012236,1.5601,0.064717,0.0015745,1.7126,-333.79,2.7637,1.56,0.066626,-4605.4
15.355,0.50134,0.0011796,1.5775,0.063914,-0.0077485,-81.218,671.89,7.7013,1.5774,0.065777,-4650.9
15.388,0.50166,0.0011264,1.5945,-0.016703,0.00068305,-16.878,429.76,-2.5341,1.5945,-0.014907,-4697
15.421,0.50156,0.0012038,1.5652,-0.024581,0.007068,14.084,-286.37,1.2394,1.5653,-0.0227,-4742.6
15.453,0.50122,0.0012563,1.5779,-0.084892,0.0009161,64.606,-198.42,-12.748,1.578,-0.082912,-4787.8
15.486,0.50128,0.0012291,1.5539,0.11126,-0.0037169,45.302,-209.96,-0.39826,1.5537,0.11317,-4833.9
15.519,0.5017,0.0011866,1.5965,-0.012357,-0.005631,-9.1619,432.41,-9.5868,1.5965,-0.010461,-4879.5
15.552,0.50179,0.0011635,1.5813,-0.089448,0.0046937,55.01,-191.53,1.5042,1.5814,-0.08761,-4925.6
15.584,0.50145,0.0011689,1.5661,0.010298,-0.0056705,-106.24,689.69,4.6044,1.5661,0.01213,-4971.3
15.616,0.501,0.0011686,1.5743,-0.042393,0.0020338,28.353,-270.7,-1.842,1.5744,-0.040554,-5016.9
15.649,0.50112,0.0011477,1.5712,0.00076132,-0.0025597,-7.5328,468.35,-3.9338,1.5712,0.0025655,-5062.2
15.682,0.50162,0.001073,1.5982,-0.046999,-0.0051417,30.814,58.831,-9.6469,1.5983,-0.045282,-5108.1
15.714,0.50154,0.0010743,1.5589,-0.06654,-0.00080335,45.815,-276.08,-1.7245,1.559,-0.064864,-5153.8
15.746,0.50108,0.0011066,1.5868,-0.084445,0.0024895,22.042,211.84,-0.68759,1.5869,-0.082691,-5198.9
15.779,0.5008,0.0011039,1.5504,0.023466,0.00029453,6.9251,-304.24,1.0557,1.5504,0.025177,-5245
15.811,0.5012,0.0010351,1.5647,0.097769,-0.0049072,-11.28,-130,-2.9228,1.5646,0.099389,-5290.5
15.844,0.50146,0.00095071,1.5673,0.034644,0.0017773,4.7586,-351.16,11.631,1.5673,0.036134,-5336.5
15.876,0.50114,0.0010064,1.5696,-0.097058,0.0068896,51.178,-220.45,0.44564,1.5697,-0.095482,-5381.4
15.909,0.50071,0.0010357,1.566,0.018068,-0.0064985,-104.95,692.39,4.9626,1.566,0.019692,-5427
15.941,0.50078,0.00098989,1.5635,-0.052676,-5.4631e-05,58.826,-262.68,-3.1699,1.5636,-0.051128,-5472.1
15.974,0.50124,0.00093567,1.5744,-0.036655,-0.0045236,52.918,-225.25,-3.5106,1.5744,-0.035179,-5517.9
16.006,0.50126,0.00092085,1.5569,-0.031708,0.0028483,22.715,-273.97,-2.8052,1.5569,-0.030276,-5563.6
16.038,0.50092,0.00093648,1.5608,0.0092888,-0.00015055,-95.067,688.31,2.4965,1.5608,0.010751,-5609.1
16.071,0.50052,0.0009395,1.5562,-0.0064532,0.00081493,10.633,-294.27,4.3871,1.5562,-0.0049913,-5654.4
16.103,0.50074,0.00090559,1.5629,0.049998,-0.0059199,-35.997,633.03,-3.9094,1.5628,0.051415,-5699.5
16.135,0.50125,0.00082931,1.5904,-0.042962,-0.0035372,27.279,107.59,-6.8239,1.5904,-0.041642,-5745
16.168,0.50124,0.0008616,1.5546,-0.069151,0.0037617,59.541,-299.26,-5.5747,1.5546,-0.067814,-5790.4
16.2,0.50082,0.000931,1.582,-0.074768,0.004019,21.398,219.22,-5.5917,1.582,-0.073298,-5835.6
16.232,0.50068,0.00090936,1.5343,0.020301,-0.0037873,8.5118,-288.88,3.3657,1.5343,0.021697,-5881.1
16.265,0.50108,0.00084772,1.5649,0.027087,0.00062323,4.2295,-294.19,3.2542,1.5649,0.028414,-5926.6
16.297,0.50133,0.00081501,1.5677,-0.0024476,0.0036616,8.5622,-305.78,4.7057,1.5677,-0.0011708,-5972.1
16.329,0.50103,0.00087303,1.5595,-0.092801,0.0029943,52.93,-96.682,-8.0029,1.5595,-0.091442,-6017.1
16.362,0.5007,0.00092124,1.5671,-0.040207,-0.0026298,18.006,233.8,-4.9726,1.5671,-0.038762,-6062
16.393,0.50093,0.0008764,1.5355,0.066814,-0.0010834,-6.986,-349.03,11.903,1.5354,0.06816,-6107.5
16.426,0.50148,0.00078502,1.5597,0.022252,-0.003861,0.61358,-282.5,2.7345,1.5597,0.023478,-6153
16.458,0.50152,0.00077851,1.5511,0.044913,-0.0025332,2.155,-331.19,-0.36673,1.551,0.046121,-6198.4
16.49,0.50125,0.00078598,1.5427,-0.042013,0.0036598,27.083,-278.94,-0.64883,1.5428,-0.040802,-6242.9
16.522,0.50093,0.00076801,1.5634,-0.024377,-0.0019078,0.39912,373.29,-4.8893,1.5634,-0.023175,-6288
16.555,0.50129,0.00062903,1.552,-0.025725,-0.010953,32.702,96.733,-11.728,1.5521,-0.024743,-6333.1
16.587,0.50167,0.00049671,1.5735,-0.072357,-0.0015156,49.852,-211.76,-9.3535,1.5736,-0.071575,-6378.3
16.619,0.50149,0.00047502,1.5568,-0.096469,0.00045194,53.499,-242.87,1.8037,1.5568,-0.095729,-6423.4
16.651,0.50098,0.00048894,1.5479,-0.010787,-0.0028236,-26.982,645.5,-7.9303,1.5479,-0.010029,-6468.5
16.683,0.50095,0.00041715,1.5354,0.008305,-0.00581,6.8242,-272.12,1.7968,1.5354,0.0089478,-6513.5
16.715,0.50139,0.0002928,1.5383,0.061263,-0.002349,-8.8199,-350.72,11.045,1.5383,0.061714,-6558.6
16.747,0.50153,0.00025439,1.5625,-0.06526,0.0072084,25.978,-254.96,-0.75443,1.5625,-0.064866,-6603.9
16.779,0.50123,0.0003143,1.5462,-0.070693,-0.00026018,66.546,-297.86,-4.7193,1.5463,-0.070208,-6648.2
16.811,0.50088,0.00036924,1.5488,-0.069087,-0.00073507,36.234,41.968,-6.7113,1.5488,-0.068515,-6693
16.843,0.50116,0.00034122,1.5452,-0.026171,-0.0010786,41.47,-224.74,-2.6898,1.5452,-0.025643,-6738
16.875,0.50173,0.00027395,1.5518,-0.025862,-0.0033847,36.879,-232.51,-5.3817,1.5518,-0.025436,-6783
16.907,0.50165,0.00030819,1.538,0.026053,0.0025061,-3.6856,-345.08,7.5764,1.538,0.026527,-6828.5
16.939,0.50119,0.00039879,1.5606,-0.10919,0.0055175,47.344,-165.76,1.1679,1.5606,-0.10858,-6872.9
16.971,0.50085,0.0004413,1.546,-0.0058784,-0.0029627,-14.177,533.01,-7.5916,1.546,-0.0051954,-6917.8
17.003,0.50127,0.00036333,1.5539,0.016779,-0.004462,-5.4023,432.58,-4.141,1.5539,0.017345,-6962.6
17.035,0.50165,0.00029829,1.5453,0.03259,-0.00062733,34.745,-158.14,-8.0936,1.5453,0.033051,-7008.1
17.067,0.50142,0.00037481,1.5511,-0.09098,0.0092224,48.517,-275.4,-4.1936,1.5512,-0.090404,-7052.5
17.099,0.50092,0.00045061,1.5577,-0.042986,-0.0014071,-3.9483,406.17,-4.1186,1.5577,-0.042283,-7097.4
17.131,0.50094,0.00040464,1.5244,-0.0043755,-0.0020465,23.484,-273.45,1.2161,1.5244,-0.0037577,-7142.1
17.163,0.50144,0.00029718,1.5548,-0.043559,-0.0043723,48.69,-126.19,-4.4261,1.5549,-0.043094,-7187.1
17.195,0.50151,0.00026514,1.549,-0.079154,0.0035815,61.35,-258.49,-9.6945,1.549,-0.078746,-7232.4
17.227,0.50116,0.00032461,1.5454,-0.085789,0.0015881,34.299,-7.327,-3.0069,1.5455,-0.085288,-7276.7
17.259,0.50071,0.00036273,1.5336,0.044591,-0.0024656,18.262,-336.62,3.0847,1.5336,0.045148,-7322.1
17.291,0.50088,0.00028917,1.5203,0.10696,-0.0036857,6.7011,-197.11,10.175,1.5203,0.1074,-7366.8
17.323,0.50141,0.00019704,1.5541,-0.018857,-0.0033792,26.051,-248.35,2.117,1.5541,-0.018549,-7411.7
17.355,0.50136,0.00022251,1.5369,-0.06441,0.0024592,45.809,-249.6,-6.8945,1.5369,-0.06407,-7456.1
17.387,0.50097,0.00031618,1.5542,-0.058955,0.0066744,-12.066,451.46,-2.1796,1.5542,-0.058468,-7500.8
17.418,0.50078,0.00028981,1.5114,0.067885,-0.0072341,9.4554,-337.19,3.445,1.5114,0.068325,-7545.8
17.45,0.50127,0.00016939,1.5392,0.11136,-0.0054511,-76.17,310.51,19.437,1.5391,0.11162,-7590.1
17.482,0.50164,8.2354e-05,1.5421,-0.010535,0.0010329,11.733,-282.22,3.328,1.5421,-0.010409,-7635
17.514,0.50129,0.000107,1.538,-0.090342,0.0022846,29.519,97.357,-10.17,1.538,-0.09018,-7679.3
17.546,0.50079,0.0001535,1.5404,-0.087965,-0.00094349,37.589,-36.699,-7.7089,1.5404,-0.087729,-7723.6
17.577,0.50098,0.00011024,1.5114,0.10375,-0.0053212,-39.262,97.07,-7.452,1.5114,0.10392,-7768.4
17.609,0.50173,-2.9684e-05,1.5312,0.073792,-0.0071771,7.5258,-327.81,7.0519,1.5312,0.073748,-7813.2
17.641,0.50185,-7.5125e-05,1.5254,0.0032321,-1.127e-05,4.9792,-285.03,-0.58746,1.5254,0.0031175,-7857.9
17.672,0.50159,-3.1302e-05,1.524,-0.028698,0.0025307,2.0595,-279.31,5.1534,1.524,-0.028746,-7901.7
17.704,0.50117,-1.9767e-05,1.5399,-0.075418,0.00016941,29.955,41.41,-3.993,1.5399,-0.075449,-7946.1
17.735,0.50146,-0.00013076,1.5061,0.033531,-0.0079615,8.8151,-285.99,2.6801,1.5061,0.033337,-7990.5
17.767,0.50199,-0.00022582,1.5395,0.051641,0.00031448,6.7753,-330.64,7.9994,1.5395,0.051293,-8035.3
17.799,0.50196,-0.00022516,1.5403,-0.038682,0.0045379,-8.8223,436.53,-0.30542,1.5403,-0.039031,-8079.6
17.83,0.50142,-0.00018105,1.5174,0.04807,0.0018349,30.479,-211.52,0.26752,1.5174,0.047795,-8123.9
17.862,0.5011,-0.00020131,1.5083,-0.013523,-7.4553e-05,11.746,-294.18,3.048,1.5083,-0.013826,-8167.8
17.894,0.50148,-0.000275,1.5253,-0.037398,-0.0037768,54.969,-250.81,-6.9065,1.5252,-0.037815,-8212
17.925,0.50176,-0.00030618,1.532,-0.031125,0.010413,14.686,-279.68,3.8831,1.532,-0.031598,-8257.1
17.957,0.5015,-0.00016326,1.537,-0.055872,0.0070834,23.765,255.39,-2.0607,1.537,-0.056128,-8301
17.988,0.50111,-6.014e-05,1.5196,0.054968,-0.00049818,-111.96,461.04,36.504,1.5196,0.054877,-8345.5
18.02,0.50125,-4.5414e-05,1.5282,-0.052993,0.0014976,47.697,-228.1,-8.1861,1.5282,-0.053064,-8389.2
18.052,0.50179,-0.00010068,1.5302,0.037738,-0.0053703,-75.24,688.04,-2.3676,1.5302,0.037586,-8434.2
18.083,0.5017,-2.9857e-05,1.5331,-0.062828,0.002644,68.807,-268.45,-8.2758,1.5331,-0.062876,-8478.2
18.115,0.50126,0.00011129,1.5365,-0.017235,0.007957,-23.448,617.11,-2.2962,1.5365,-0.017068,-8522.6
18.147,0.50086,0.00018389,1.5167,0.074078,0.0022186,33.36,-206.73,-0.94091,1.5167,0.074357,-8567
18.178,0.5013,8.9294e-05,1.5072,0.073079,-0.0050787,0.7881,-342.66,7.0471,1.5072,0.073214,-8611.4
18.21,0.50179,-2.295e-05,1.5266,0.053079,-0.0040089,5.5393,-352.35,5.5556,1.5266,0.053045,-8655.9
18.241,0.50159,1.0508e-05,1.5339,-0.09671,0.0064576,46.511,-40.069,-1.2855,1.5339,-0.096698,-8699.7
18.273,0.50108,9.4365e-05,1.5404,-0.061498,0.00060645,23.21,258.08,-3.6447,1.5404,-0.061354,-8743.8
18.304,0.50106,8.1861e-06,1.498,0.063595,-0.0074227,-8.8289,-346.81,13.038,1.498,0.063609,-8788.3
18.336,0.50166,-0.00016466,1.5137,0.02905,-0.0050506,0.21939,-287.11,3.1563,1.5137,0.028803,-8832.6
18.367,0.50195,-0.00025671,1.5135,0.01929,0.00017202,7.9516,-329.27,2.6615,1.5135,0.018901,-8876.9
18.398,0.50166,-0.00024818,1.5185,-0.091623,-0.0012508,56.404,-164.88,-12.151,1.5185,-0.092,-8920.3
18.43,0.50111,-0.00024165,1.5297,-0.0016037,-0.0040117,-48.893,652.58,-3.2054,1.5297,-0.001972,-8964.6
18.461,0.5012,-0.00038027,1.5019,-0.043902,-0.006533,57.801,-252.42,-10.011,1.5019,-0.04447,-9008.4
18.492,0.50179,-0.00050265,1.5241,0.0065336,-0.003299,9.6242,-295.41,5.5499,1.5241,0.0057692,-9052.3
18.524,0.50185,-0.00048765,1.4981,-0.00025057,-0.00014821,9.9538,-288.55,2.6899,1.4981,-0.00098098,-9096.8
18.555,0.50141,-0.00040202,1.5258,-0.098793,0.0062033,33.407,94.941,-6.9027,1.5257,-0.09941,-9140.3
18.586,0.50094,-0.00038001,1.4959,0.097207,-0.0026046,-104.23,273.15,-0.44393,1.4959,0.096639,-9184.4
18.617,0.50131,-0.00047493,1.5144,0.079201,-0.0053198,-112.16,689.45,12.721,1.5144,0.078483,-9228.1
18.649,0.50169,-0.00050754,1.5099,0.075225,0.0020061,14.185,-365.88,8.7739,1.5099,0.074459,-9272.5
18.68,0.50135,-0.00039469,1.5121,-0.10368,0.0085131,51.432,-231.71,-0.17987,1.5121,-0.10428,-9315.8
18.712,0.5008,-0.00024049,1.5156,-0.056536,0.00075532,20.679,256.63,-10.646,1.5156,-0.056902,-9359.5
18.743,0.50088,-0.00022649,1.4999,-0.010382,-0.0029555,29.98,-243.58,0.34995,1.4999,-0.01072,-9403.5
18.774,0.50158,-0.00031306,1.4999,0.013066,-0.0024933,10.801,-274.46,3.1751,1.4999,0.012598,-9447.1
18.805,0.50178,-0.00033323,1.5036,-0.0021214,0.0033553,1.8581,-331.75,2.9474,1.5036,-0.0026234,-9491.5
18.836,0.50149,-0.00024725,1.5071,-0.084757,0.0019267,61.326,-285.28,-2.5553,1.5071,-0.085131,-9534.8
18.868,0.50096,-0.00020534,1.5166,-0.055733,-0.0032626,13.297,272.84,-10.708,1.5166,-0.056044,-9578.5
18.898,0.50124,-0.00033267,1.4904,-0.0064521,-0.010082,37.721,-227.64,-1.9063,1.4904,-0.0069433,-9622
18.93,0.50186,-0.00049352,1.5234,-0.049426,-0.0063443,46.904,-116.04,-15.121,1.5234,-0.050175,-9665.8
18.961,0.50187,-0.00052779,1.4887,-0.022788,0.002115,10.467,-303.68,5.2795,1.4887,-0.023575,-9709.9
18.992,0.50132,-0.00046131,1.5071,-0.10192,0.0049253,60.188,-299.71,-5.3306,1.5071,-0.10262,-9753.1
19.023,0.50093,-0.00046834,1.4927,0.065318,-0.010709,-121.63,731.63,11.501,1.4928,0.064622,-9796.9
19.054,0.50147,-0.0006483,1.4869,0.10267,-0.0088033,14.426,-332.72,2.2859,1.4869,0.10171,-9840.6
19.085,0.50185,-0.00075894,1.5059,-0.033217,0.0050638,13.751,-289.54,3.3153,1.5058,-0.034362,-9884.1
19.116,0.50149,-0.00069644,1.5001,-0.084747,0.0072123,28.111,124.46,-4.0062,1.5,-0.085796,-9927.3
19.147,0.50091,-0.00060496,1.4864,0.06268,-0.00091671,-86.237,321.2,3.9114,1.4864,0.061781,-9971.1
19.178,0.50086,-0.00067028,1.4888,-0.045393,-0.0045621,54.916,-248.06,-7.0156,1.4887,-0.046388,-10014
19.209,0.50151,-0.00079931,1.5041,-0.014292,-0.0072708,28.014,130.77,-3.7945,1.5041,-0.01549,-10058
19.24,0.50171,-0.00080966,1.4966,-0.030565,0.0013478,25.892,-257.27,-2.9873,1.4966,-0.031777,-10101
19.271,0.50145,-0.00070501,1.4895,-0.079036,0.010472,47.932,-305.71,-0.072588,1.4895,-0.080091,-10144
19.302,0.501,-0.00059262,1.5036,-0.084783,0.00049579,42.984,-181.26,-1.6138,1.5035,-0.085675,-10187
19.332,0.50139,-0.00070654,1.478,0.006769,-0.0067493,33.464,-248.74,-5.4475,1.478,0.0057274,-10231
19.364,0.50198,-0.00079653,1.5115,0.01102,-0.0018654,-24.239,549.96,-3.9904,1.5115,0.0098166,-10275
19.395,0.50186,-0.00072433,1.4944,-0.059853,0.009594,27.085,-265.12,-0.72888,1.4943,-0.060939,-10318
19.425,0.50125,-0.00055357,1.4942,-0.10257,0.009226,52.2,-271.64,-1.2039,1.4942,-0.1034,-10361
19.456,0.50092,-0.00053932,1.4771,0.072715,-0.0070275,-110.31,698.31,7.1498,1.4771,0.07192,-10405
19.487,0.5015,-0.00063546,1.4936,0.061896,-0.0052604,-82.01,702.85,5.3082,1.4936,0.060948,-10448
19.518,0.50196,-0.00068566,1.492,0.066088,0.0035147,2.6656,-325.45,0.43788,1.4921,0.065065,-10491
19.549,0.50173,-0.00061996,1.498,-0.085995,0.00071586,47.536,-59.919,-13.175,1.4979,-0.086925,-10534
19.579,0.50108,-0.00055058,1.4781,0.027576,0.0013411,-127.23,614.9,-3.1038,1.4781,0.026762,-10578
19.61,0.50095,-0.00064413,1.476,-0.020996,-0.0073001,27.995,-256.6,-1.5815,1.476,-0.021944,-10620
19.641,0.50158,-0.00077931,1.4919,-0.029897,-0.0045842,52.176,-238.1,-4.3708,1.4919,-0.031058,-10663
19.672,0.50176,-0.0008057,1.475,0.051999,-0.0030052,9.5195,-333.99,1.3774,1.475,0.050811,-10707
19.702,0.50153,-0.0007057,1.4832,-0.020016,0.0091319,3.0569,-291.8,6.109,1.4832,-0.021065,-10750
19.733,0.50118,-0.00066496,1.4715,0.0014954,-0.0018856,5.708,-318.43,1.9148,1.4715,0.00051762,-10793
19.763,0.50159,-0.00084895,1.4585,0.10718,-0.010022,-7.0306,-134.21,9.656,1.4586,0.10595,-10836
19.794,0.50213,-0.00098942,1.4834,0.0040118,-0.0021314,16.353,-273.99,1.6084,1.4834,0.002545,-10879
19.825,0.50207,-0.0009513,1.4714,0.010692,0.0056669,2.9598,-322.43,2.6472,1.4714,0.0092912,-10922
19.855,0.50149,-0.00088071,1.486,-0.1034,-0.002202,56.278,-170.96,-11.004,1.4859,-0.10471,-10964
19.885,0.50114,-0.00095412,1.4601,0.075343,-0.0065007,-29.25,-17.199,-1.0998,1.4602,0.073952,-11007
19.916,0.50156,-0.0010998,1.4618,0.084613,-0.0051946,8.0485,-318.99,1.3364,1.4619,0.083006,-11050
19.947,0.50185,-0.0011456,1.4768,-0.035733,0.0028967,33.716,-263.68,-4.0025,1.4768,-0.037427,-11093
19.977,0.5016,-0.0010811,1.4703,-0.0050131,0.0034101,-27.465,629.73,-2.3242,1.4703,-0.0066043,-11136
20.008,0.50096,-0.00099758,1.4738,0.01335,0.003181,2.0965,-326.81,7.723,1.4738,0.01188,-11179
20.038,0.50098,-0.0010698,1.468,-0.034576,-0.0078493,32.941,66.834,-3.2712,1.468,-0.036142,-11221
20.068,0.50164,-0.0011758,1.4762,0.069464,-0.0034361,-112.04,684.71,7.5385,1.4762,0.06773,-11264
20.099,0.50182,-0.0011416,1.4541,0.099114,0.0026687,-55.953,218.13,17.718,1.4542,0.097453,-11307
20.129,0.50141,-0.0010009,1.4759,-0.094115,0.0089152,57.535,-272.9,-4.9433,1.4758,-0.095597,-11349
20.16,0.50087,-0.00095372,1.4787,-0.035551,-0.0058866,11.077,341.44,-10.941,1.4786,-0.036959,-11391
20.19,0.50125,-0.0010755,1.4631,-0.026043,-0.0039295,44.385,-207.8,-1.6003,1.4631,-0.027614,-11434
20.22,0.50176,-0.001146,1.4836,-0.031428,0.0020751,-12.79,415.45,4.1881,1.4836,-0.033129,-11477
20.251,0.50162,-0.0010272,1.4557,-0.049503,0.011896,19.659,-278.12,-0.77389,1.4556,-0.051003,-11520
20.281,0.50112,-0.00086063,1.4603,-0.043842,0.0023997,27.097,-264.8,-0.26384,1.4603,-0.045099,-11562
20.311,0.50099,-0.00089543,1.4676,0.026361,-0.0084888,-32.748,627.44,-3.6373,1.4676,0.02505,-11604
20.342,0.50154,-0.001025,1.4565,0.042759,-0.0056618,0.87391,-305.02,3.4451,1.4566,0.041267,-11647
20.372,0.50174,-0.0010218,1.4713,0.055535,0.0027767,-129.53,705.37,2.8772,1.4713,0.054031,-11690
20.402,0.50158,-0.00089517,1.4435,0.015164,0.0082635,7.5975,-331.63,4.9869,1.4435,0.01387,-11732
20.432,0.50101,-0.00080048,1.4741,-0.096132,0.000663,56.338,-201.64,-3.1076,1.474,-0.097313,-11774
20.462,0.5011,-0.00095022,1.4409,0.00368,-0.0090262,18.19,-270.34,1.4494,1.4409,0.0023146,-11816
20.493,0.50169,-0.0010992,1.4638,0.014497,-0.001741,9.4693,-307.5,5.0921,1.4638,0.012889,-11859
20.523,0.50178,-0.0010703,1.4534,0.051361,0.00228,13.602,-306.31,-0.80311,1.4534,0.049805,-11902
20.553,0.50129,-0.00095323,1.4522,-0.11129,0.0071605,58.601,-248.29,-10.099,1.4521,-0.11268,-11943
20.583,0.50079,-0.0010007,1.4419,0.076623,-0.011047,-104.06,389.96,11.356,1.442,0.075182,-11986
20.613,0.50115,-0.001214,1.4484,0.07553,-0.0085761,-92.911,703.01,7.1537,1.4484,0.073774,-12028
20.643,0.50162,-0.0013449,1.4638,-0.03753,0.0022081,19.927,-278.56,3.9291,1.4637,-0.039499,-12070
20.673,0.50148,-0.0013064,1.4506,-0.069942,0.002757,4.4924,298.66,2.0952,1.4505,-0.071838,-12112
20.703,0.50106,-0.0012147,1.4577,-0.083939,0.0011158,26.613,50.65,-14.933,1.4576,-0.085712,-12154
20.733,0.50116,-0.001308,1.4334,0.042357,-0.0087103,10.372,-299.03,1.7684,1.4335,0.040484,-12196
20.763,0.50185,-0.0015196,1.4529,-0.033219,-0.008049,56.705,-231.6,-5.1818,1.4528,-0.035422,-12238
20.793,0.50203,-0.0015385,1.462,-0.067851,0.0009153,59.353,-202.11,-1.5383,1.4619,-0.070101,-12280
20.823,0.50177,-0.0014224,1.4486,-0.10078,0.0072487,29.412,-25.577,6.4857,1.4484,-0.10285,-12322
20.853,0.50117,-0.0013347,1.451,0.011481,-0.0012011,-108.37,701.16,8.1423,1.451,0.0095441,-12364
20.882,0.50138,-0.001483,1.4383,0.019522,-0.0126,-6.2778,420.89,-8.5976,1.4383,0.017394,-12406
20.912,0.50202,-0.0015983,1.4595,0.021075,-0.0018007,-20.804,554.21,-5.0568,1.4596,0.018743,-12448
20.942,0.50216,-0.0015122,1.4606,-0.070434,0.0093242,30.103,98.604,1.4045,1.4604,-0.072648,-12490
20.972,0.5017,-0.0013646,1.4273,0.058621,0.0029859,-100.45,303.91,2.1473,1.4274,0.056673,-12532
21.002,0.50127,-0.0013837,1.436,-0.037555,-0.0054542,33.793,-251.67,-6.9349,1.4359,-0.03954,-12573
21.031,0.50159,-0.001539,1.42,0.020766,-0.0019006,11.595,-296.13,1.2673,1.42,0.018581,-12615
21.061,0.50196,-0.0015515,1.4503,-0.0042068,0.0086894,9.4791,-290.18,4.8148,1.4503,-0.006459,-12657
21.091,0.50175,-0.0013998,1.4342,0.0089513,0.0098444,-97.584,691.39,-0.75217,1.4342,0.0069412,-12699
21.121,0.50116,-0.0012585,1.426,0.021424,4.6908e-05,-2.4568,-344.58,4.0396,1.426,0.01963,-12740
21.15,0.501,-0.0013253,1.4431,-0.043376,-0.0081724,21.57,143.97,-20.536,1.443,-0.045285,-12781
21.18,0.50156,-0.001432,1.4377,0.018888,-0.0036086,-21.632,496.05,-0.63325,1.4377,0.016831,-12823
21.21,0.50182,-0.0013934,1.4407,-0.061084,0.0013315,48.259,-195.2,-4.1814,1.4406,-0.063092,-12865
21.239,0.50155,-0.0012296,1.4339,-0.0086754,0.012799,-89.836,683.88,3.0517,1.4339,-0.010442,-12907
21.269,0.501,-0.0011545,1.4247,-0.01567,-0.0053184,11.14,-293.09,-0.11246,1.4247,-0.017312,-12948
21.298,0.50121,-0.0013325,1.4104,0.11536,-0.0072032,24.02,-211.59,2.9652,1.4105,0.11348,-12989
21.328,0.50177,-0.0014203,1.4365,0.074263,-0.0010618,-121.59,704.49,5.3295,1.4366,0.072223,-13031
21.357,0.50187,-0.0013593,1.4205,-0.04388,0.0072973,18.16,-277.68,2.7373,1.4204,-0.045813,-13072
21.387,0.50131,-0.0012594,1.4213,-0.089874,0.00070469,61.935,-263.26,-3.0131,1.4212,-0.091664,-13113
21.416,0.50076,-0.0014389,1.4132,0.040382,-0.021285,-101.48,707.3,-0.053348,1.4133,0.038354,-13155
21.445,0.50058,-0.0019185,1.4074,-0.072067,-0.026031,38.764,-105.93,-18.278,1.4073,-0.074755,-13196
21.475,0.50039,-0.0023943,1.4056,-0.032589,-0.01739,18.871,-282.55,-0.0073419,1.4056,-0.035948,-13237
21.504,0.50037,-0.0027486,1.3926,0.059719,-0.012737,-115.83,551.07,19.227,1.3927,0.055894,-13279
21.533,0.50018,-0.0029191,1.3807,-0.045834,-0.0052209,31.639,-255.69,-1.1154,1.3805,-0.049862,-13319
21.561,0.50068,-0.003129,1.374,0.036967,-0.0094945,13.694,-282.3,1.7695,1.3741,0.032672,-13359
21.59,0.50171,-0.0031182,1.4013,-0.028426,0.0098466,50.413,-218.06,-8.1017,1.4012,-0.032801,-13399
21.619,0.50189,-0.0028155,1.3706,-0.045172,0.01587,30.256,-258.4,2.7617,1.3704,-0.049037,-13439
21.647,0.50114,-0.002397,1.3974,-0.054797,0.022855,-38.6,595.32,0.16062,1.3972,-0.058156,-13479
21.676,0.50045,-0.0020486,1.3964,0.039871,0.0078745,10.767,-325.01,1.1262,1.3965,0.037009,-13520
21.705,0.5008,-0.0019899,1.3828,0.071787,0.0019288,7.5325,-342.52,4.0209,1.383,0.069035,-13560
21.734,0.50133,-0.0018086,1.43,-0.0061421,0.01393,-21.133,505.62,-3.0309,1.43,-0.0087349,-13601
21.763,0.5014,-0.0014242,1.4008,-0.061294,0.024045,49.129,-251.44,-1.9217,1.4007,-0.063301,-13642
21.792,0.50101,-0.0010098,1.4067,-0.070672,0.013374,18.963,149.1,-1.7161,1.4066,-0.0721,-13682
21.821,0.50085,-0.00084699,1.4003,0.0042068,0.00076496,6.774,-278.17,3.7079,1.4003,0.0030207,-13723
21.85,0.50127,-0.00090715,1.3834,0.0083924,-0.0038451,15.975,-265.41,0.52617,1.3834,0.0071388,-13764
21.879,0.50156,-0.00086289,1.4111,-0.050645,0.005519,58.45,-284.73,-8.2182,1.4111,-0.051865,-13804
21.908,0.5015,-0.00071538,1.3942,0.02698,0.0081067,-103.29,703.57,5.0699,1.3942,0.025981,-13845
21.937,0.50107,-0.00065031,1.3824,0.028518,-0.0019,-9.1807,-345.99,9.7754,1.3824,0.02762,-13885
21.966,0.50119,-0.00093953,1.3745,0.093189,-0.018124,-43.759,-20.686,14.205,1.3746,0.091901,-13926
21.995,0.50168,-0.0012648,1.3808,0.10754,-0.014243,19.329,-192.6,1.0874,1.381,0.1058,-13966
22.023,0.50184,-0.0014019,1.3803,0.078864,-9.1803e-05,-41.009,168.47,18.058,1.3804,0.076929,-14007
22.052,0.50152,-0.0014131,1.3678,0.021437,-0.00023512,-2.0037,-337.4,2.3225,1.3679,0.019504,-14047
22.08,0.5011,-0.001564,1.3746,-0.055683,-0.014474,43.613,-232.37,-7.4036,1.3745,-0.057826,-14086
22.109,0.50146,-0.0019353,1.3624,0.014232,-0.012186,7.0057,-266.58,3.0919,1.3624,0.0116,-14127
22.137,0.50195,-0.0021798,1.385,0.017984,-0.0025168,-58.531,644.34,-4.1374,1.3851,0.014965,-14167
22.166,0.50185,-0.0021946,1.3555,-0.024721,0.0058363,14.98,-293.42,0.40395,1.3555,-0.027698,-14207
22.194,0.50131,-0.0021209,1.3624,-0.08229,0.00041678,53.562,-284.71,-4.7958,1.3622,-0.085179,-14246
22.222,0.50101,-0.0022092,1.3743,0.04149,-0.010762,-104.75,685.66,7.7971,1.3743,0.038457,-14286
22.25,0.50151,-0.0023839,1.3693,0.032617,-0.0039975,-30.149,544.62,3.5397,1.3694,0.029355,-14325
22.279,0.50186,-0.0023593,1.3766,0.061891,0.0013608,-120.28,712.84,-2.8159,1.3767,0.058643,-14366
22.307,0.50176,-0.0021969,1.3508,-0.048296,0.013001,21.05,-293.84,2.3986,1.3507,-0.051268,-14405
22.335,0.50115,-0.0020232,1.3792,-0.072025,0.0033876,24.076,172,-4.6544,1.379,-0.074818,-14444
22.363,0.50123,-0.0021305,1.3593,-0.023758,-0.0079193,37.23,-228.34,-4.3025,1.3592,-0.02665,-14484
22.392,0.50164,-0.0022037,1.3802,-0.036015,0.0019999,21.029,136.83,3.6416,1.3801,-0.039057,-14523
22.42,0.50173,-0.0020776,1.3774,-0.042061,0.010869,3.6975,309.97,1.0317,1.3773,-0.044928,-14563
22.448,0.5014,-0.0018357,1.3446,0.061805,0.011286,12.867,-152.79,-2.3736,1.3447,0.059334,-14603
22.476,0.50116,-0.001796,1.3634,-0.048618,-0.0067102,50.171,-249.6,-5.5099,1.3633,-0.051063,-14642
22.504,0.50147,-0.0019904,1.3596,-0.040966,-0.0051763,51.004,-238.4,-6.251,1.3595,-0.043669,-14681
22.532,0.50184,-0.0020277,1.3685,-0.063985,0.005282,50.253,-239.68,-2.1388,1.3684,-0.066763,-14721
22.56,0.50182,-0.0019425,1.3464,0.038132,0.0029916,8.6309,-339.64,-0.46424,1.3465,0.035516,-14761
22.588,0.50133,-0.0018028,1.3463,-0.085522,0.0040227,54.65,-302.11,-5.733,1.3461,-0.087951,-14799
22.616,0.50119,-0.001926,1.3483,0.086108,-0.013523,-98.745,370.45,13.156,1.3484,0.083514,-14839
22.644,0.50166,-0.0021749,1.3361,0.065474,-0.0085571,8.41,-330.03,6.4827,1.3363,0.06257,-14878
22.672,0.50194,-0.0022489,1.3396,0.081499,-0.0023037,6.435,-340.72,7.3528,1.3398,0.078486,-14918
22.7,0.50178,-0.0021435,1.3333,-4.6216e-05,0.0078848,5.3602,-336.64,1.579,1.3333,-0.0029055,-14956
22.728,0.50134,-0.0020834,1.3304,-0.0089557,-0.0035802,12.896,-291.35,1.1274,1.3304,-0.011726,-14995
22.755,0.50159,-0.0023118,1.3344,0.072691,-0.013438,-102.7,703.92,4.5785,1.3346,0.069609,-15034
22.783,0.50213,-0.0024851,1.3357,0.040911,-0.0044414,15.828,-281.82,0.51609,1.3358,0.037592,-15073
22.811,0.50215,-0.002451,1.3469,-0.063067,0.0079481,7.5269,245.59,-5.1987,1.3468,-0.066373,-15111
22.838,0.50169,-0.0022681,1.3128,0.052457,0.0046992,28.622,-195.11,-3.6773,1.3129,0.049478,-15150
22.866,0.50134,-0.0022944,1.3358,-0.040185,-0.014006,11.583,205.25,-14.859,1.3357,-0.043243,-15188
22.893,0.50153,-0.0025151,1.3298,-0.01255,-0.0058535,2.8788,325.07,-5.0491,1.3298,-0.015892,-15227
22.921,0.50179,-0.0025492,1.3467,0.023705,-0.00010568,-32.281,620.62,-3.9718,1.3468,0.020271,-15266
22.948,0.50182,-0.0024522,1.308,0.030946,0.0081487,-4.1365,-351.91,7.7602,1.308,0.027738,-15305
22.975,0.50134,-0.0022702,1.3229,-0.028006,0.0054586,11.433,-311.65,0.83738,1.3229,-0.031011,-15342
23.003,0.50136,-0.0023853,1.3177,0.08069,-0.012153,-121.03,556.56,28.776,1.3179,0.077549,-15381
23.03,0.50184,-0.0025688,1.3122,0.061675,-0.0026946,11.303,-331.22,5.0573,1.3123,0.058304,-15420
23.058,0.50204,-0.0025242,1.3296,-0.03109,0.0037996,31.3,-256.3,3.6068,1.3295,-0.034447,-15458
23.085,0.50176,-0.0023332,1.3308,-0.079056,0.010903,15.004,235.91,-4.101,1.3306,-0.082167,-15497
23.112,0.50123,-0.0022217,1.3183,0.062065,-0.0037945,-37.259,30.386,4.8246,1.3184,0.059137,-15535
23.14,0.50133,-0.002377,1.3212,0.0019746,-0.010431,-30.103,472.24,-8.2386,1.3213,-0.0011624,-15573
23.167,0.50192,-0.0024453,1.3229,0.090321,0.0036121,-4.4805,-135.56,3.1485,1.3231,0.087085,-15612
23.195,0.50199,-0.0023615,1.3207,0.013269,0.0099236,-98.209,681.79,2.0778,1.3207,0.010147,-15651
23.222,0.50158,-0.0021705,1.3007,-0.039767,0.0057685,11.259,-281.87,2.3656,1.3006,-0.042592,-15688
23.249,0.5013,-0.0021998,1.319,0.069067,-0.010469,-90.623,503.53,16.685,1.3191,0.066167,-15727
23.276,0.50159,-0.0023817,1.3115,-0.036134,-0.0068356,20.448,93.408,-8.9714,1.3115,-0.039255,-15764
23.303,0.50195,-0.0024047,1.326,-0.02049,0.0035021,14.009,251.57,-0.67783,1.326,-0.023681,-15803
23.33,0.50202,-0.0022659,1.2874,0.036704,0.0083504,18.162,-330.75,3.7946,1.2875,0.033786,-15841
23.357,0.5017,-0.0021092,1.3069,-0.02454,0.00047694,19.267,-280.67,1.341,1.3069,-0.027297,-15878
23.384,0.50194,-0.0023573,1.2993,0.015478,-0.016923,4.6839,-278.8,1.6432,1.2993,0.01242,-15916
23.411,0.50235,-0.0025902,1.2983,0.0041046,-0.004789,14.57,-273.93,3.3163,1.2983,0.00074346,-15954
23.438,0.50231,-0.0026146,1.3048,-0.060392,0.0062915,41.071,-245.05,-1.6342,1.3047,-0.063806,-15992
23.465,0.50181,-0.0024747,1.2954,-0.0043338,0.0077418,-99.512,673.78,0.52592,1.2954,-0.0075413,-16030
23.492,0.5013,-0.0024474,1.2983,-0.017423,-0.0056184,25.267,-318.08,1.1816,1.2982,-0.020598,-16067
23.519,0.50143,-0.0026119,1.2914,0.093136,-0.00738,-18.136,-88.442,9.2195,1.2916,0.089764,-16105
23.546,0.50203,-0.0026976,1.3211,-0.057769,0.0039785,48.57,-227.25,-5.0304,1.321,-0.061335,-16143
23.573,0.50217,-0.0026228,1.2953,-0.070641,0.0069563,41.474,-38.186,-5.4377,1.2951,-0.074042,-16181
23.599,0.50168,-0.0024788,1.284,-0.017333,0.0051083,-91.662,668.48,1.8465,1.284,-0.020517,-16218
23.626,0.50127,-0.0024604,1.3019,-0.034719,-0.0024466,29.383,-284.62,-1.678,1.3018,-0.037921,-16255
23.653,0.50148,-0.0025685,1.2994,-0.034822,-0.0060208,45.307,-216.45,-5.0477,1.2993,-0.038156,-16293
23.68,0.50173,-0.0025614,1.3041,-0.0098814,-0.00027489,-14.726,396.54,-5.5,1.3041,-0.013222,-16331
23.706,0.50162,-0.0024037,1.2728,-0.032936,0.014196,13.108,-286.22,3.6686,1.2727,-0.036,-16368
23.733,0.50127,-0.0022683,1.308,-0.073974,-0.0013339,32.619,17.69,2.1562,1.3079,-0.07694,-16405
23.759,0.5015,-0.0024608,1.2803,0.020037,-0.011587,18.649,-287.56,0.18643,1.2803,0.016889,-16443
23.786,0.50194,-0.0026425,1.2886,0.0039715,-0.0056421,15.073,-275.26,2.1436,1.2886,0.00056832,-16480
23.813,0.50198,-0.0026659,1.2883,-0.05886,0.0068945,28.381,-249.99,-0.48192,1.2882,-0.062297,-16518
23.839,0.50152,-0.0024892,1.2764,-0.095258,0.0079964,52.254,-181.29,-1.1766,1.2762,-0.098439,-16554
23.866,0.5014,-0.0025387,1.2672,0.084693,-0.013263,-35.903,-39.667,18.886,1.2674,0.081478,-16592
23.892,0.50165,-0.0027919,1.254,0.1008,-0.007777,-55.847,225.69,16.691,1.2543,0.097297,-16629
23.918,0.50188,-0.0028463,1.2832,0.06905,0.0044216,-88.585,419.26,7.9172,1.2834,0.065396,-16666
23.945,0.50195,-0.0027714,1.2721,-0.06332,0.0032537,52.62,-237.32,-5.5044,1.2719,-0.066847,-16703
23.971,0.50158,-0.0026728,1.2692,-0.0088947,0.0038086,-98.696,666.06,6.529,1.2692,-0.012288,-16739
23.997,0.50129,-0.0026987,1.2765,-0.038512,-0.0018534,13.539,-278.16,0.71886,1.2764,-0.041956,-16776
24.024,0.50148,-0.0027816,1.2847,-0.041793,-0.0046198,54.294,-223.67,-5.0046,1.2845,-0.045364,-16813
24.05,0.50173,-0.002755,1.2915,-0.048137,-0.00080656,34.526,-69.242,-8.1125,1.2914,-0.051695,-16851
24.077,0.50173,-0.0026581,1.2765,0.0070244,0.0086685,12.571,-328.49,7.4208,1.2765,0.0036298,-16888
24.103,0.50156,-0.0026316,1.3134,-0.058751,-0.0053522,37.056,47.181,2.0323,1.3132,-0.062204,-16925
24.13,0.50175,-0.0028846,1.2795,-0.020216,-0.016539,3.9362,258.85,-7.9639,1.2794,-0.023899,-16963
24.156,0.50196,-0.0030672,1.291,-0.0014961,-0.0066654,-141.5,685.05,10.745,1.291,-0.0054547,-17000
24.183,0.50175,-0.0030055,1.2576,0.025483,0.012959,11.493,-334.79,3.8873,1.2576,0.021701,-17037
24.209,0.50142,-0.0027636,1.2595,-0.052973,0.0076722,45.272,-244.37,-2.475,1.2593,-0.056457,-17073
24.235,0.50155,-0.0028656,1.2799,-0.017749,-0.012921,30.311,-260.19,-2.3527,1.2799,-0.021412,-17110
24.261,0.50183,-0.0030969,1.2534,-0.059153,-0.0049747,37.705,-164.77,-4.3181,1.2532,-0.063032,-17147
24.288,0.502,-0.0031036,1.2822,-0.078524,0.0039621,47.514,-205.48,-3.0736,1.282,-0.082505,-17184
