1,0,0,0,0.12013,0
1,0,0,0,0,0
0,0,0,0,0.038319,80.763
0,0,0,0,0.83128,250.52
0,0,0,0,-10.179,1034.7
0,0,0,0,-9.1503,1096.2
1,0,0,0,-10.475,1011.3
1,0,0,0,2.287,1069
1,0,0,0,5.2244,1184.8
0,0,0,0,2.9733,1254.7
1,0,0,0,2.8821,1267
1,0,0,0,2.9725,1318.6
1,0,0,0,9.0559,1375.9
0,0,0,0,21.526,1416.9
0,0,0,0,17.076,1414.4
0,0,0,0,3.8524,1394.2
0,0,0,0,3.8772,1401.6
0,0,0,0,7.1513,1399.5
0,0,0,0,3.9322,1416.4
0,0,0,0,-2.3071,1416.4
0,0,0,0,-17.516,1431.2
0,0,0,0,-12.034,1460.6
0,0,0,0,-2.5148,1476.6
0,0,0,0,-17.752,1500.1
1,0,0,0,-17.715,1505
1,0,0,0,-12.253,1521.4
1,0,0,0,-2.8148,1532.1
1,0,0,0,4.2262,1533.2
1,0,0,0,4.2631,1536.4
1,0,0,0,4.2577,1522.9
1,0,0,0,7.032,1521.2
1,0,0,0,8.8689,1504.8
1,0,0,0,7.0668,1491.1
1,0,0,0,7.0644,1474.8
1,0,0,0,9.3627,1453.2
1,0,0,0,9.4376,1445.7
1,0,0,0,9.4687,1424.9
0,0,0,0,7.152,1418
0,0,0,0,7.1335,1405.6
0,0,0,0,7.1785,1400.3
0,0,0,0,7.1881,1402.8
0,0,0,0,4.2062,1397.7
0,0,0,0,4.1761,1407.2
0,0,0,0,4.1889,1408.2
0,0,0,0,4.2454,1420.2
0,0,0,0,4.2774,1429.3
0,0,0,0,4.2441,1438
0,0,0,0,-2.0019,1452.6
0,0,0,0,-2.0413,1461.8
1,0,0,0,-2.3556,1571
1,0,0,0,-2.9001,1660.3
1,0,0,0,-12.861,1677.2
1,0,0,0,-7.0648,1713
1,0,0,0,-6.9991,1731.9
1,0,0,0,-6.7896,1718.2
1,0,0,0,-6.7563,1734
1,0,0,0,-6.3043,1697.7
1,0,0,0,-0.20756,1699.3
1,0,0,0,0.0004108,1674.7
1,0,0,0,0.4604,1649.1
1,0,0,0,1.1869,1660.4
1,0,0,0,1.6953,1627.6
1,0,0,0,11.412,1553.3
1,0,0,0,11.825,1514.2
1,0,0,0,12.215,1489.9
1,0,0,0,12.362,1470.3
1,0,0,0,12.381,1453.4
1,0,0,0,12.358,1442.1
1,0,0,0,12.351,1436.3
1,0,0,0,10.445,1437.8
0,0,0,0,10.371,1439.9
0,0,0,0,3.6387,1436.2
0,0,0,0,2.558,1439.2
0,0,0,0,2.3804,1450.3
0,0,0,0,1.9871,1468.5
0,0,0,0,1.6946,1480.4
0,0,0,0,-0.98198,1492.8
0,0,0,0,-1.2205,1501
0,0,0,0,-1.4053,1507.1
0,0,0,0,-1.6073,1522
1,0,0,0,-1.841,1534.2
1,0,0,0,-2.0018,1543.6
1,0,0,0,0.23822,1549.8
1,0,0,0,1.4376,1551.7
1,0,0,0,1.4441,1547.2
1,0,0,0,1.4626,1539.2
1,0,0,0,3.3965,1538.3
1,0,0,0,3.4699,1527
1,0,0,0,1.7158,1517.4
0,0,0,0,1.752,1512.2
0,0,0,0,1.8779,1496
1,0,0,0,1.9723,1474.9
1,0,0,0,-1.8034,1463.6
1,0,0,0,-1.6736,1463.9
1,0,0,0,-1.8236,1472.3
1,0,0,0,-1.8489,1458.6
1,0.0068101,0,0,-1.7831,1449.2
1,0.074667,0,0,-1.9869,1467.3
1,0.14313,0,0,-2.0127,1458.9
1,0.21078,0,0,2.1597,1435.9
1,0.27949,0,0,4.5827,1440.9
0.97011,0.34754,0,0,11.822,1459
0.84994,0.41543,0,0,11.674,1431.7
0.72987,0.48381,0,0,19.851,1383.5
0.64973,0.55222,0,0,20.438,1388
0.45751,0.62004,0,0,22.283,1368.6
0.35681,0.68815,0,0,22.015,1317.3
0.2152,0.75681,0,0,21.67,1265.4
0.090179,0.82499,0,0,21.727,1222.8
0.078647,0.8932,0,0,22.033,0
0,0.96089,0,0,22.301,0
0,1.0296,0,0,22.174,5.3012
0,1.0976,0,0,21.895,43.715
0,1.1656,0,0,21.098,93.055
0,1.234,0,0,19.329,168.33
0,1.3022,0,0,18.606,229.81
0,1.3705,0,0,12.48,286.83
0,1.4385,0,0,9.1972,350.69
0,1.5066,0,0,8.5555,411.67
0,1.5747,0,0,7.4191,504.57
0,1.6431,0,0,5.7785,610.63
0,1.7114,0,0,4.0481,723.09
0.029687,1.7795,0,0,2.4329,831.63
0.061788,1.8477,0,0,1.3538,940.78
0.066076,1.9158,0,0,2.9665,1049
0.10882,1.9836,0,0,2.0513,1136.5
0.11486,2.0521,0,0,13.98,1220.7
0.12817,2.1203,0,0,15.448,1272.7
0.10702,2.1885,0,0,16.184,1304.9
0.08055,2.2567,0,0,16.781,0
0.086046,2.3246,0,0,18.22,77.938
0.071936,2.3932,0,0,18.291,256.41
0.027635,2.4613,0,0,17.913,410.57
0.014036,2.5291,0,0,17.226,543.23
0.00015279,2.5978,0,0,16.107,695
0.0015016,2.6659,0,0,14.412,824.76
0.0044786,2.734,0,0,12.259,925.64
0.016161,2.8023,0,0,5.0801,1009
0.013537,2.8704,0,0,2.4099,1067.3
0.034254,2.9387,0,0,4.4986,1115.5
0.061584,3.0069,0,0,3.8587,0
0.032098,3.0747,0,0,2.1715,0
0.049007,3.1433,0,0,1.4123,82.92
0.058837,3.2113,0,0,15.763,273.67
0.051365,3.2792,0,0,15.337,443.19
0.055059,3.3475,0,0,14.665,647.54
0.055206,3.416,0,0,13.828,833.15
0.042904,3.4842,0,0,13.262,990.79
0.04021,3.5519,0,0,12.968,1121.5
0.02777,3.6203,0,0,13.604,1179.9
0.018192,3.6886,0,0,14.538,0
0.010546,3.7568,0,0,14.936,211.15
0.02048,3.8246,0,0,14.518,439.06
0.0040066,3.8929,0,0,14.005,653.89
0.0054262,3.9611,0,0,11.853,858.58
0,4.0297,0,0,7.0991,1030.8
0.018184,4.0974,0,0,4.1551,1145.2
0.022344,4.1659,0,0,2.0963,0
0.016215,4.234,0,0,5.525,15.191
0.022997,4.3021,0,0,9.9172,263.47
0.036406,4.3702,0,0,13.171,498.7
0.024974,4.4383,0,0,12.607,744
0.025709,4.507,0,0,9.8267,959.39
0.052894,4.5752,0,0,5.5205,1100
0.055492,4.6434,0,0,5.7627,0
0.051393,4.7115,0,0,12.68,61.799
0.047797,4.7793,0,0,12.488,350.28
0.039504,4.848,0,0,12.267,615.37
0.033029,4.9158,0,0,11.61,860.23
0.029383,4.9841,0,0,7.9613,1038.8
0.038929,5.0523,0,0,3.9364,1146.3
0.045017,5.1205,0,0,11.691,37.064
0.046232,5.1883,0,0,11.587,332.58
0.031653,5.2569,0,0,11.136,585.76
0.024117,5.3248,0,0,10.418,838.73
0.039338,5.3934,0,0,5.8427,1019.8
0.029027,5.4614,0,0,3.2192,0
0.049965,5.5297,0,0,10.967,98.117
0.041299,5.5979,0,0,10.643,402.81
0.034465,5.666,0,0,10.062,674.15
0.031381,5.7342,0,0,6.7142,896.92
0.037613,5.8024,0,0,3.7389,1038.6
0.044982,5.8705,0,0,8.1344,20.489
0.039279,5.9388,0,0,10.007,334.99
0.037323,6.0071,0,0,9.5368,618.77
0.037073,6.0752,0,0,8.4573,864.79
0.033465,6.1434,0,0,3.6041,1031.3
0.037776,6.2115,0,0,1.8776,19.484
0.035747,6.2797,0,0,9.3277,349.07
0.031471,6.3478,0,0,9.0273,652.45
0.023825,6.4161,0,0,6.1856,891.7
0.032878,6.484,0,0,3.0452,1045.9
0.030031,6.5458,0,0,6.8946,80.375
0.037287,6.5458,0,0,8.7408,431.83
0.010742,6.5458,0,0,8.2208,732.33
0.0047526,6.5458,0,0,4.2848,945.38
0.010122,6.5458,0,0,-1.2174,0
0,6.5458,0,0,0.9261,216.15
0,6.5458,0,0,5.1886,541.49
0,6.5458,0,0,0.3109,844.04
0.0018495,6.5458,0,0,-6.5248,1039.1
0,6.5458,0,0,-7.9058,0
0,6.5458,0,0,-0.2544,343.08
0,6.5458,0,0,-0.91025,673.39
0,6.5458,0,0,-7.7892,965.25
0.0015067,6.5458,0,0,-8.1871,0
0.016085,6.5458,0,0,-3.1851,136.21
0.0084452,6.5458,0,0,-0.27721,484.94
0,6.5458,0,0,-3.6749,836.51
0.011173,6.5458,0,0,-8.1599,1073.7
0.012966,6.5458,0,0,-8.745,0
0.020506,6.5458,0,0,-1.1455,258.88
0.014526,6.5458,0,0,-0.53948,583.65
0.0039351,6.5458,0,0,-5.9552,903.19
0.027005,6.5458,0,0,-8.3901,1095.1
0.0036716,6.5458,0,0,-4.1143,9.9262
0.033055,6.5458,0,0,-0.34151,353.83
0.011788,6.5458,0,0,-1.3601,672.49
0.0099896,6.5458,0,0,-7.9629,937.43
0.028677,6.5458,0,0,-8.4961,0
0.017409,6.5458,0,0,-1.5771,118.88
0.021494,6.5458,0,0,-0.28319,443.47
0.014144,6.5458,0,0,-3.6327,757.77
0.017634,6.5458,0,0,-7.9333,976.83
0.02692,6.5458,0,0,-8.5307,0
0.02184,6.5458,0,0,2.2986,250.69
0.0098063,6.5458,0,0,-0.37147,580.79
0.0033517,6.5458,0,0,-3.7923,869.26
0.013596,6.5458,0,0,-8.1063,1049.5
0.014794,6.5458,0,0,-2.921,47.519
0.024112,6.5458,0,0,3.2859,403.45
0.0091184,6.5458,0,0,-0.64366,726.79
0.0036866,6.5458,0,0,-7.3979,983.85
0.024562,6.5458,0,0,-8.3714,0
0.020076,6.5458,0,0,-1.4522,190.16
0.0059059,6.5458,0,0,-0.43481,534.75
0.0017847,6.5458,0,0,-3.0382,849.08
0.01022,6.5458,0,0,-7.9118,1047
0.022091,6.5458,0,0,-8.5325,0
0.018385,6.5458,0,0,-0.4994,313.61
0.014174,6.5458,0,0,-0.46636,647.69
0,6.5458,0,0,-5.4425,917.59
0.019022,6.5458,0,0,-8.0395,0
0.01857,6.5458,0,0,-2.7246,87.519
0.019591,6.5458,0,0,-0.27068,410.3
0.0016202,6.5458,0,0,-2.667,754.63
0.0075824,6.5458,0,0,-7.9083,997.07
0.021011,6.5458,0,0,-8.7343,0
0.019093,6.5458,0,0,-1.0805,234.08
0.0094049,6.5458,0,0,-0.38586,564.01
0.009543,6.5458,0,0,-4.0412,878.2
0.015239,6.5458,0,0,-8.1332,1068.9
0.0080385,6.5458,0,0,-3.5464,15.873
0.027302,6.5458,0,0,-0.34601,359.39
0.010832,6.5458,0,0,-1.1767,684.56
0.0074048,6.5458,0,0,-7.4649,952.29
0.023396,6.5458,0,0,-8.3645,0
0.017636,6.5458,0,0,-1.5936,141.68
0.019205,6.5458,0,0,-0.26108,467.18
0.0039725,6.5458,0,0,-2.9077,796.18
0.021582,6.5458,0,0,-8.0342,1020.9
0.019826,6.5458,0,0,-8.9132,0
0.023117,6.5458,0,0,-0.51662,273.7
0.0098951,6.5458,0,0,-0.2392,596.4
0,6.5458,0,0,-4.4336,900.99
0.023144,6.5458,0,0,-8.1983,1078
0.013016,6.5458,0,0,-2.9036,47.914
0.029738,6.5458,0,0,-0.11778,398.95
0,6.5458,0,0,-0.42795,721.66
0.005953,6.5458,0,0,-7.7819,977.43
0.017306,6.5458,0,0,-8.4914,0
0.018021,6.5458,0,0,-0.93739,189.69
0.018935,6.5458,0,0,0.38227,528.27
0.0043695,6.5458,0,0,-5.9522,860.2
0.011999,6.5458,0,0,-8.9089,1064.2
0.026504,6.5458,0,0,-9.7447,0
0.024238,6.5458,0,0,1.4348,255.98
0.0062489,6.5458,0,0,1.3607,527.42
0.0099016,6.5458,0,0,-3.3287,795.9
0.0076359,6.5458,0,0,-7.7593,0
0.022397,6.5458,0,0,-1.5038,72.487
0.011303,6.5458,0,0,7.4901,423.28
0.0022385,6.5458,0,0,-0.4503,764.52
0.010284,6.5458,0,0,-6.7287,1013.6
0.0056137,6.5458,0,0,-8.7626,0
0.0064259,6.5458,0,0,-1.1887,251.32
0.0073385,6.5458,0,0,-0.45629,610.66
0.0046347,6.5458,0,0,-5.2468,930.66
0.015042,6.5458,0,0,-8.2453,1123.6
0,6.5458,0,0,-8.7659,21.551
0.02619,6.5458,0,0,-0.47391,364.92
0.0048796,6.5458,0,0,-2.1573,708.43
0.00077469,6.5458,0,0,-8.0239,969.77
0.026763,6.5458,0,0,-8.3127,0
0.029561,6.5458,0,0,-2.7999,135.05
0.015739,6.5458,0,0,-0.22452,462.5
0.0070555,6.5458,0,0,-2.0251,788.34
0.015047,6.5458,0,0,-7.8226,997.27
0.028663,6.5458,0,0,-8.5346,0
0.017363,6.5458,0,0,2.3612,264.52
0.017281,6.5458,0,0,0.63478,592.41
0.010537,6.5458,0,0,-2.6498,867.8
0.017221,6.5458,0,0,-8.0151,1052.6
0.017553,6.5458,0,0,-2.9344,53.583
0.023161,6.5458,0,0,1.1115,399.98
0.010388,6.5458,0,0,-0.57562,740.57
0.01101,6.5458,0,0,-7.745,980.44
0.016176,6.5458,0,0,-8.3366,0
0.023926,6.5458,0,0,-1.4306,193.92
0.0017498,6.5458,0,0,-0.41374,523.21
0.0029379,6.5458,0,0,-4.8833,844.22
0.014814,6.5458,0,0,-7.9201,1047.2
0.0078839,6.5458,0,0,-8.6068,0
0.028318,6.5458,0,0,-0.52845,314.79
0.016636,6.5458,0,0,-1.303,641.31
0.013043,6.5458,0,0,-5.5328,927.95
0.0035939,6.5458,0,0,-8.3164,0
0.028839,6.5458,0,0,-2.8094,94.546
0.021325,6.5458,0,0,0.24194,446.56
0.0087527,6.5458,0,0,-1.2735,772.39
0.014119,6.5458,0,0,-7.9501,1011.3
0.012454,6.5458,0,0,-8.6793,0
0.020805,6.5458,0,0,-1.0625,235.34
0.016921,6.5458,0,0,-0.27178,567.84
0.0038893,6.5458,0,0,-2.8473,868.96
0.01815,6.5458,0,0,-8.0592,1059.6
0.0088484,6.5458,0,0,-3.4685,7.6105
0.024928,6.5458,0,0,-0.10267,360.35
0.010429,6.5458,0,0,-0.48986,693.59
0.006506,6.5458,0,0,-7.7,964.8
0.0080852,6.5458,0,0,-8.4648,0
0.018471,6.5458,0,0,-1.6065,123.14
0.013083,6.5458,0,0,-0.20358,468.02
0.0039861,6.5458,0,0,-2.8577,801.93
0.012139,6.5458,0,0,-7.9057,1020.7
0.021377,6.5458,0,0,-8.5619,0
0.018034,6.5458,0,0,-0.70556,263.03
0.01849,6.5458,0,0,-0.2775,588.66
0.01187,6.5458,0,0,-5.474,873.18
0.019688,6.5458,0,0,-8.0099,1058.6
0.018,6.5458,0,0,-2.9258,41.219
0.027124,6.5458,0,0,-0.18452,381.1
0.013388,6.5458,0,0,-1.1721,715.21
0,6.5458,0,0,-7.9381,974.46
0.027469,6.5458,0,0,-8.6696,0
0.017327,6.5458,0,0,-1.2453,190.65
0.015403,6.5458,0,0,-0.17421,523.8
0.014556,6.5458,0,0,-2.863,847.64
0.017258,6.5458,0,0,-8.061,1053.1
0.0070403,6.5458,0,0,-8.77,0
0.022181,6.5458,0,0,-0.34726,323.79
0.0073913,6.5458,0,0,-0.25835,663.3
0.0030109,6.5458,0,0,-5.4914,940.71
0.013964,6.5458,0,0,-8.3414,0
0.012905,6.5458,0,0,-2.6146,88.501
0.023545,6.5458,0,0,0.026777,419.42
0.011035,6.5458,0,0,-0.896,752.66
0.017622,6.5458,0,0,-7.8026,990.4
0.013392,6.5458,0,0,-8.5469,0
0.024453,6.5458,0,0,-0.74309,210.93
0.006552,6.5458,0,0,0.015734,523.82
0.0017746,6.5458,0,0,-3.1973,839.62
0.019389,6.5458,0,0,-7.9251,1025.6
8.2601e-06,6.5458,0,0,-3.5822,0
0.027574,6.5458,0,0,3.2652,344.41
0.0085374,6.5458,0,0,-0.30453,668.59
0.013956,6.5458,0,0,-5.4263,936.73
0.013876,6.5458,0,0,-8.4798,0
0.010807,6.5458,0,0,-1.5547,127.55
0.019629,6.5458,0,0,-0.1983,458.9
0.0057181,6.5458,0,0,-2.8883,797.89
0.013022,6.5458,0,0,-7.9671,1026.4
0.02256,6.5458,0,0,-8.7387,0
0.018234,6.5458,0,0,-0.80607,266.94
0.015451,6.5458,0,0,-0.39839,598.2
0,6.5458,0,0,-4.5682,898.69
0.02534,6.5458,0,0,-8.0652,1068.6
0.016053,6.5458,0,0,-3.3226,33.443
0.020954,6.5458,0,0,-0.22559,378.08
0.0025517,6.5458,0,0,-1.2309,703.92
0.00022595,6.5458,0,0,-7.7967,951.22
0.02953,6.5458,0,0,-8.4881,0
0.023106,6.5458,0,0,-1.2602,165.45
0.0090054,6.5458,0,0,-0.097449,500.42
0.0040824,6.5458,0,0,-2.5959,807.69
0.02455,6.5458,0,0,-7.7801,1015.6
0.011224,6.5458,0,0,-5.5988,0
0.0097708,6.5458,0,0,2.8404,309.16
0.013209,6.5458,0,0,-0.27241,638.86
0.0095607,6.5458,0,0,-4.7097,907.11
0.013963,6.5458,0,0,-8.1091,0
0.023168,6.5458,0,0,-2.6854,83.297
0.010614,6.5458,0,0,-0.21357,416.45
0,6.5458,0,0,-1.1133,757.43
0.020667,6.5458,0,0,-7.8283,986.31
0.022395,6.5458,0,0,-8.6024,0
0.0065427,6.5458,0,0,-1.0805,205.06
0.014819,6.5458,0,0,-0.24823,534.3
0.011081,6.5458,0,0,-3.8895,842.37
0.026112,6.5458,0,0,-7.9797,1040.8
0.0086827,6.5458,0,0,-3.8166,0
0.024915,6.5458,0,0,-0.26482,346.76
0,6.5458,0,0,-0.38386,684.32
0.018156,6.5458,0,0,-5.4361,953.99
0.012188,6.5458,0,0,-8.441,0
0.012849,6.5458,0,0,-1.5022,131.7
0.019667,6.5458,0,0,-0.077665,464.72
0.0010526,6.5458,0,0,-2.7086,798.74
0.020019,6.5458,0,0,-7.9421,1019.1
0.018325,6.5458,0,0,-8.662,0
0.021902,6.5458,0,0,-0.53885,256.68
0.0028132,6.5458,0,0,-0.16665,587.05
0,6.5458,0,0,-4.3835,890.07
0.02591,6.5458,0,0,-8.1,1072.1
0.004866,6.5458,0,0,-2.8142,37.911
0.027608,6.5458,0,0,0.048295,375.17
0.0047781,6.5458,0,0,-0.80379,698.1
0.0053689,6.5458,0,0,-7.8114,967.19
0.012029,6.5458,0,0,-8.4549,0
0.02407,6.5458,0,0,-1.053,167.13
0.0052519,6.5458,0,0,0.049541,504.09
0.0069481,6.5458,0,0,-2.7002,830.46
0.01513,6.5458,0,0,-7.9175,1044.1
0.017776,6.5458,0,0,-8.4939,0
0.022903,6.5458,0,0,-0.23415,303.27
0.014826,6.5458,0,0,-0.28525,634.77
0,6.5458,0,0,-5.4208,928.92
0.010743,6.5458,0,0,-8.1431,0
0.02124,6.5458,0,0,-2.7665,71.52
0.017881,6.5458,0,0,-0.047536,421.34
0.0069853,6.5458,0,0,-0.98777,753.45
0.015885,6.5458,0,0,-7.8301,1004.2
0.012658,6.5458,0,0,-8.6828,0
0.020273,6.5458,0,0,-1.0327,214.96
0.0098329,6.5458,0,0,-0.16081,550.36
0.0037772,6.5458,0,0,-3.954,851
0.025131,6.5458,0,0,-7.8051,1038
0.0097163,6.5458,0,0,-3.7545,0
0.01505,6.5458,0,0,-0.0096885,348.41
0.011653,6.5458,0,0,-0.33341,681.12
0.013527,6.5458,0,0,-7.9606,945.09
0.0051273,6.5458,0,0,-8.3204,0
0.030897,6.5458,0,0,-1.4433,113.38
0.013395,6.5458,0,0,-0.059935,448.46
0.0013008,6.5458,0,0,-2.661,785.96
0.021164,6.5458,0,0,-7.792,1010.7
0.018264,6.5458,0,0,-8.5642,0
0.0069615,6.5458,0,0,-0.69629,258.03
0.017416,6.5458,0,0,-0.23309,587.76
0.0061179,6.5458,0,0,-5.3962,869.19
0.018626,6.5458,0,0,-7.9219,1049.8
0.0069927,6.5458,0,0,-3.1109,35.962
0.02946,6.5458,0,0,-0.13749,368.33
0.00043198,6.5458,0,0,-1.0011,704.32
0.013778,6.5458,0,0,-7.6616,953.51
0.014949,6.5458,0,0,-8.3957,0
0.019669,6.5458,0,0,-1.2381,163.64
0.013799,6.5458,0,0,-0.18278,493.95
0.014006,6.5458,0,0,-3.4942,821.65
0.011472,6.5458,0,0,-7.8634,1031.8
0.010374,6.5458,0,0,-8.5326,0
0.024237,6.5458,0,0,-0.36825,295.44
0.015664,6.5458,0,0,-0.37419,614.27
0.010849,6.5458,0,0,-5.3878,907.97
0.003572,6.5458,0,0,-8.1799,0
0.023073,6.5458,0,0,-2.7558,73.166
0.027419,6.5458,0,0,-0.13722,423.16
0.0074077,6.5458,0,0,-1.0441,759.27
0.012259,6.5458,0,0,-7.9717,1006.1
0.015701,6.5458,0,0,-8.635,0
0.023892,6.5458,0,0,-1.0754,217.73
0.007946,6.5458,0,0,-0.19953,550.84
0.0019139,6.5458,0,0,-3.6386,870.03
0.013618,6.5458,0,0,-8.1147,1067.4
0.012871,6.5458,0,0,-4.3235,0
0.027459,6.5458,0,0,-0.26109,355.48
0.01165,6.5458,0,0,-0.3513,671.91
0.0015743,6.5458,0,0,-7.8883,943.13
0.015554,6.5458,0,0,-8.2483,0
0.020214,6.5458,0,0,-2.5903,118.28
0.017851,6.5458,0,0,-0.15804,456.25
0,6.5458,0,0,-2.7398,775.8
0.026765,6.5458,0,0,-7.755,1002.6
0.02287,6.5458,0,0,-8.6559,0
0.0094205,6.5458,0,0,-0.82204,240.25
0.022041,6.5458,0,0,-0.2409,565.41
0.010256,6.5458,0,0,-4.2867,853.54
0.027027,6.5458,0,0,-7.965,1039.9
0.01859,6.5458,0,0,-3.0338,20.632
0.017835,6.5458,0,0,0.25592,363.89
0.0010672,6.5458,0,0,-0.26038,693.65
0.00099832,6.5458,0,0,-7.8564,951.76
0.023875,6.5458,0,0,-8.4674,0
0.021198,6.5458,0,0,-1.305,165.1
0.013981,6.5458,0,0,-0.14285,497.79
0.0058967,6.5458,0,0,-2.8068,830.56
0.010528,6.5458,0,0,-7.9676,1045.1
0.020152,6.5458,0,0,-8.665,0
0.019802,6.5458,0,0,2.5587,296.7
0.018544,6.5458,0,0,-0.43405,632.83
0,6.5458,0,0,-4.4695,916.34
0.003111,6.5458,0,0,-8.2484,0
0.025854,6.5458,0,0,-2.9003,73.599
0.012636,6.5458,0,0,-0.2008,419.09
0.008866,6.5458,0,0,-1.1496,758.22
0.015087,6.5458,0,0,-7.9487,994.93
0.0093614,6.5458,0,0,-8.6686,0
0.024886,6.5458,0,0,-1.1362,210.48
0.010507,6.5458,0,0,-0.26635,548.66
0.0031424,6.5458,0,0,-3.7483,879.4
0.021035,6.5458,0,0,-8.2155,1077.1
0.0019253,6.5458,0,0,-5.8981,0
0.028004,6.5458,0,0,-0.40007,350.83
0.0096193,6.5458,0,0,-0.50568,670.56
0.018107,6.5458,0,0,-7.7165,950.22
0.0088867,6.5458,0,0,-8.4801,0
0.024348,6.5458,0,0,-1.837,112.83
0.014285,6.5458,0,0,-0.36495,450.71
0,6.5458,0,0,-2.9719,784.08
0.020172,6.5458,0,0,-8.0877,1018.6
0.011221,6.5458,0,0,-8.9958,0
0.023054,6.5458,0,0,-0.96688,250.54
0.0079633,6.5458,0,0,-0.39627,573.56
0.0027596,6.5458,0,0,-4.6296,870.28
0.027922,6.5458,0,0,-7.9653,1049.2
0.019094,6.5458,0,0,-3.3801,22.12
0.023261,6.5458,0,0,0.031857,382.18
0.010788,6.5458,0,0,-0.49864,694.06
0.00084772,6.5458,0,0,-7.8408,949.14
0.026554,6.5458,0,0,-8.4193,0
0.017109,6.5458,0,0,-1.4782,159.07
0.018045,6.5458,0,0,-0.25343,494.86
0.0038274,6.5458,0,0,-2.8584,809.9
0.022866,6.5458,0,0,-7.9666,1021.1
0.011438,6.5458,0,0,-8.601,0
0.019144,6.5458,0,0,-0.4681,278.01
0.013906,6.5458,0,0,-0.38591,611.62
0,6.5458,0,0,-4.3737,897.61
0.01091,6.5458,0,0,-8.2133,0
0.011006,6.5458,0,0,-2.9423,61.316
0.023566,6.5458,0,0,-0.28134,410.55
0.0012848,6.5458,0,0,-1.2279,749.03
0.015714,6.5458,0,0,-7.8698,984.95
0.015603,6.5458,0,0,-8.5813,0
0.01807,6.5458,0,0,-1.3523,191.52
0.0087703,6.5458,0,0,-0.35801,528.59
0.0093684,6.5458,0,0,-3.6763,844.69
0.019195,6.5458,0,0,-8.079,1048
0.0074726,6.5458,0,0,-4.4084,0
0.023919,6.5458,0,0,-0.21072,326.8
0.0061327,6.5458,0,0,-0.46536,655.64
0.018904,6.5458,0,0,-5.5111,931.32
0.008514,6.5458,0,0,-8.3584,0
0.018095,6.5458,0,0,-1.6963,107.99
0.015651,6.5458,0,0,-0.18184,446.28
0.00071808,6.5458,0,0,-2.7798,788.37
0.023538,6.5458,0,0,-8.052,1018.8
0.011576,6.5458,0,0,-8.9473,0
0.016895,6.5458,0,0,-0.83006,254.5
0.0059125,6.5458,0,0,-0.22221,586.99
0.0084583,6.5458,0,0,-4.0045,895.32
0.023794,6.5458,0,0,-8.105,1074.7
0.012341,6.5458,0,0,-3.6602,28.872
0.018409,6.5458,0,0,0.27733,377.01
0.006017,6.5458,0,0,-0.64486,709.56
0.021049,6.5458,0,0,-8.3802,954.18
0.029402,6.5458,0,0,-9.2741,0
0.027785,6.5458,0,0,-0.97799,120.46
0.011977,6.5458,0,0,1.8319,394.45
0.012917,6.5458,0,0,-0.064181,680.36
0.027151,6.5458,0,0,-3.2095,901.59
0.020051,6.5458,0,0,-3.4086,0
0.016544,6.5458,0,0,8.5682,281.78
0.016602,6.5458,0,0,7.8899,616.21
0.0068468,6.5458,0,0,-2.4614,907.76
0.017226,6.5458,0,0,-4.5883,1085.5
0.017871,6.5458,0,0,-2.0677,69.436
0.016979,6.5458,0,0,5.0036,440.89
0.006508,6.5458,0,0,-0.75641,776.79
0.017037,6.5458,0,0,-7.3491,1013.1
0.019875,6.5458,0,0,-8.531,0
0.023119,6.5458,0,0,-1.2582,198.13
0.02211,6.5458,0,0,-0.31191,543.38
0.020356,6.5458,0,0,-2.8774,842.64
0.033991,6.5458,0,0,-8.0034,1037.3
0.021402,6.5458,0,0,-3.3299,0
0.039944,6.5458,0,0,8.5016,308.99
0.020358,6.5458,0,0,4.3734,620.12
0.025205,6.5458,0,0,-2.5186,887.21
0.034295,6.5458,0,0,-4.8084,0
0.034592,6.5458,0,0,0.99001,89.73
0.031271,6.5458,0,0,8.3087,427.09
0.015457,6.5458,0,0,6.1968,744.43
0.028476,6.5458,0,0,-2.3632,956.69
0.029874,6.5458,0,0,-2.8089,0
0.03074,6.5458,0,0,8.4527,239.56
0.029385,6.5458,0,0,8.0585,574.62
0.0083917,6.5458,0,0,0.061939,862.06
0.035263,6.5458,0,0,-2.734,1036.7
0.012612,6.5458,0,0,-1.5537,25.902
0.039147,6.5458,0,0,8.5564,368.84
0.013266,6.5458,0,0,7.4379,697.85
0.018246,6.5458,0,0,-0.22887,939.32
0.026103,6.5458,0,0,-4.5017,0
0.039946,6.5458,0,0,7.1175,149.45
0.022123,6.5458,0,0,8.24,480.43
0.014885,6.5458,0,0,6.1035,787.95
0.022792,6.5458,0,0,-2.4435,999.43
0.032859,6.5458,0,0,-1.4209,0
0.040515,6.5458,0,0,8.619,297.43
0.029064,6.5458,0,0,8.3263,609.16
0.018693,6.5458,0,0,5.2824,865.87
0.03823,6.5458,0,0,-0.74231,1021.3
0.02812,6.5458,0,0,1.1671,60.352
0.049036,6.5458,0,0,8.4162,408.88
0.020728,6.5458,0,0,7.0983,715.46
0.017351,6.5458,0,0,4.2559,940.2
0.04164,6.5458,0,0,-1.2158,0
0.037944,6.5458,0,0,8.5927,207.08
0.039079,6.5458,0,0,8.4622,531.56
0.023703,6.5458,0,0,6.2299,818.84
0.042047,6.5458,0,0,3.0088,997.03
0.029705,6.5458,0,0,1.5525,0
0.037163,6.5458,0,0,8.2509,339.26
0.026852,6.5458,0,0,8.0124,629.42
0.029471,6.5458,0,0,5.006,869.49
0.030092,6.5458,0,0,-0.88319,0
0.032344,6.5458,0,0,4.9052,87.561
0.044838,6.5458,0,0,8.3254,435.14
0.030335,6.5458,0,0,6.6889,721.75
0.039657,6.5458,0,0,3.9261,919.16
0.042087,6.5458,0,0,1.9127,0
0.030179,6.5458,0,0,8.6452,232.57
0.04698,6.5458,0,0,8.5094,561.5
0.030251,6.5458,0,0,6.0029,824.76
0.049113,6.5458,0,0,3.2701,992.7
0.027394,6.5458,0,0,1.5213,35.987
0.049354,6.5458,0,0,8.6844,377.2
0.04378,6.5458,0,0,8.3473,677.08
0.035119,6.5458,0,0,4.889,905.31
0.039447,6.5458,0,0,2.4662,0
0.045553,6.5458,0,0,8.5884,141.03
0.040179,6.5458,0,0,8.4588,472.36
0.040647,6.5458,0,0,7.5259,754.84
0.049051,6.5458,0,0,3.6573,943.99
0.035994,6.5458,0,0,1.6028,0
0.047915,6.5458,0,0,8.2665,276.47
0.039672,6.5458,0,0,8.1785,575.82
0.030391,6.5458,0,0,5.4513,825.66
0.044434,6.5458,0,0,2.8952,973.13
0.034135,6.5458,0,0,4.8866,52.151
0.058257,6.5458,0,0,8.5051,393.95
0.030622,6.5458,0,0,8.0989,683.35
0.039801,6.5458,0,0,4.3595,891.22
0.046648,6.5458,0,0,2.0987,0
0.052474,6.5458,0,0,8.1197,181.94
0.038365,6.5458,0,0,8.3525,519.86
0.034452,6.5458,0,0,7.7854,792.09
0.047023,6.5458,0,0,3.4909,966.88
0.038984,6.5458,0,0,1.6996,0
0.054616,6.5458,0,0,8.3273,326.09
0.044069,6.5458,0,0,8.2274,611.16
0.033723,6.5458,0,0,5.2225,844.04
0.051422,6.5458,0,0,2.6742,0
0.043705,6.5458,0,0,6.5686,84.505
0.058428,6.5458,0,0,8.2811,421.83
0.032496,6.5458,0,0,7.8338,704.9
0.041645,6.5458,0,0,4.0452,903.14
0.050927,6.5458,0,0,1.9566,0
0.045905,6.5458,0,0,8.2026,212.46
0.047852,6.5458,0,0,8.405,547.07
0.031428,6.5458,0,0,7.6732,800.21
0.055227,6.5458,0,0,3.1957,958.5
0.038315,6.5458,0,0,5.0325,29.558
0.060459,6.5458,0,0,8.4025,351.28
0.051819,6.5458,0,0,8.26,647.97
0.050204,6.5458,0,0,7.1945,861.82
0.048737,6.5458,0,0,2.4114,0
0.050988,6.5458,0,0,8.4023,123.84
0.052463,6.5458,0,0,8.6283,465.98
0.04589,6.5458,0,0,8.0719,741.5
0.056469,6.5458,0,0,6.1852,918.38
0.054163,6.5458,0,0,5.223,0
0.056948,6.5458,0,0,8.4343,263.7
0.052897,6.5458,0,0,8.5448,574.17
0.036178,6.5458,0,0,7.6507,807.76
0.057862,6.5458,0,0,3.1021,946.66
0.041274,6.5458,0,0,4.8729,54.778
0.070215,6.5458,0,0,8.456,384.33
0.051673,6.5458,0,0,8.1425,657.54
0.049946,6.5458,0,0,7.0578,851.09
0.054902,6.5458,0,0,5.3919,0
0.05032,6.5458,0,0,8.3729,159.27
0.069507,6.5458,0,0,8.5181,500.07
0.054827,6.5458,0,0,7.7354,746.93
0.060049,6.5458,0,0,6.6657,913.61
0.065058,6.5458,0,0,4.995,0
0.052544,6.5458,0,0,8.365,316.75
0.059431,6.5458,0,0,8.3793,601.84
0.046398,6.5458,0,0,7.2684,803.16
0.056552,6.5458,0,0,5.4142,925.01
0.061951,6.5458,0,0,6.546,77.993
0.069521,6.5458,0,0,8.5065,417.15
0.067768,6.5458,0,0,8.0468,666.36
0.053105,6.5458,0,0,6.8709,841.67
0.062946,6.5458,0,0,5.0584,0
0.06142,6.5458,0,0,8.37,187.95
0.063603,6.5458,0,0,8.5659,511.47
0.059601,6.5458,0,0,7.6337,729.72
0.067929,6.5458,0,0,6.5038,869.85
0.054259,6.5458,0,0,4.5488,14.884
0.063114,6.5458,0,0,8.3346,320.18
0.058301,6.5458,0,0,8.3644,611.29
0.063552,6.5458,0,0,7.2202,806.16
0.059968,6.5458,0,0,5.2693,924.64
0.056007,6.5458,0,0,6.4892,111.7
0.07622,6.5458,0,0,8.5828,454.14
0.057735,6.5458,0,0,8.1351,711.83
0.061258,6.5458,0,0,6.7788,867.87
0.063425,6.5458,0,0,4.8775,0
0.070623,6.5458,0,0,8.2814,237.72
0.07869,6.5458,0,0,8.6347,548.65
0.058193,6.5458,0,0,7.7477,771.42
0.068607,6.5458,0,0,6.6849,902.24
0.058138,6.5458,0,0,6.4314,55.439
0.084087,6.5458,0,0,8.5092,379.94
0.067257,6.5458,0,0,8.3236,637.54
0.065457,6.5458,0,0,7.1186,815.64
0.067965,6.5458,0,0,6.4713,0
0.066501,6.5458,0,0,6.3451,143.17
0.084092,6.5458,0,0,8.698,487.69
0.072083,6.5458,0,0,8.0262,713.83
0.075612,6.5458,0,0,6.5991,856.4
0.076424,6.5458,0,0,6.4341,0
0.066798,6.5458,0,0,8.218,267.63
0.087263,6.5458,0,0,8.3723,554.23
0.067017,6.5458,0,0,7.2817,739.05
0.066586,6.5458,0,0,6.4048,855.09
0.080432,6.5458,0,0,6.1536,59.429
0.085933,6.5458,0,0,8.217,377.42
0.075682,6.5458,0,0,8.293,640.88
0.071564,6.5458,0,0,6.9812,791.21
0.068553,6.5458,0,0,6.5643,0
0.079086,6.5458,0,0,8.0505,170.33
0.073867,6.5458,0,0,8.624,506.48
0.072677,6.5458,0,0,7.8489,720.98
0.070926,6.5458,0,0,6.6041,860.18
0.068883,6.5458,0,0,6.5829,8.4273
0.080868,6.5458,0,0,8.3818,335.11
0.086635,6.5458,0,0,8.7104,637.91
0.074862,6.5458,0,0,7.3707,807.98
0.070428,6.5458,0,0,6.6123,914.32
0.066496,6.5458,0,0,6.3694,114.86
0.092166,6.5458,0,0,8.6366,450.27
0.082688,6.5458,0,0,8.2218,691.16
0.082788,6.5458,0,0,6.7904,825.97
0.079786,6.5458,0,0,6.4758,0
0.072983,6.5458,0,0,8.011,211.54
0.089815,6.5458,0,0,8.7181,531.59
0.076373,6.5458,0,0,7.7467,717.06
0.092108,6.5458,0,0,6.5505,834.41
0.075399,6.5458,0,0,6.5073,23.825
0.093462,6.5458,0,0,8.3041,334.53
0.082257,6.5458,0,0,8.5767,598.4
0.08497,6.5458,0,0,7.3219,759.21
0.083653,6.5458,0,0,6.6368,860.02
0.081526,6.5458,0,0,6.3809,139.02
0.091028,6.5458,0,0,8.9274,487.04
0.091032,6.5458,0,0,8.4011,709.71
0.088771,6.5458,0,0,6.9035,841.25
0.086685,6.5458,0,0,6.5919,0
0.080898,6.5458,0,0,8.1802,258.94
0.096808,6.5458,0,0,8.7781,584.54
0.07682,6.5458,0,0,7.681,755.36
0.097807,6.5458,0,0,6.7005,861.29
0.086707,6.5458,0,0,6.3697,60.461
0.095365,6.5458,0,0,8.4048,371.74
0.098899,6.5458,0,0,8.5702,640.54
0.087437,6.5458,0,0,7.0973,776.34
0.090952,6.5458,0,0,6.5395,0
0.099219,6.5458,0,0,6.3031,166.03
0.097814,6.5458,0,0,8.9185,503.51
0.088493,6.5458,0,0,8.4005,710.6
0.093036,6.5458,0,0,6.8666,820.78
0.097357,6.5458,0,0,6.6507,0
0.088834,6.5458,0,0,8.3231,296.04
0.10434,6.5458,0,0,8.8642,586.15
0.084032,6.5458,0,0,7.6204,738.12
0.094406,6.5458,0,0,6.7118,836.01
0.094519,6.5458,0,0,6.4405,89.097
0.10484,6.5458,0,0,8.6584,434.73
0.09484,6.5458,0,0,8.7125,681.14
0.095786,6.5458,0,0,7.1927,811.81
0.092232,6.5458,0,0,6.6142,0
0.10422,6.5458,0,0,7.5073,191.96
0.10554,6.5458,0,0,8.841,531.44
0.095915,6.5458,0,0,8.2923,727.49
0.10613,6.5458,0,0,6.8175,831.25
0.10115,6.5458,0,0,6.569,1.7958
0.10825,6.5458,0,0,8.296,342.23
0.11607,6.5458,0,0,8.6299,610.09
0.10101,6.5458,0,0,7.337,743.91
0.1083,6.5458,0,0,6.646,830.98
0.09952,6.5458,0,0,6.2629,110.11
0.11513,6.5458,0,0,8.4953,433.6
0.11407,6.5458,0,0,8.4404,658.31
0.10507,6.5458,0,0,7.0675,775.84
0.10897,6.5458,0,0,6.4989,0
0.10686,6.5458,0,0,7.5273,224.08
0.11039,6.5458,0,0,8.9582,553.28
0.10538,6.5458,0,0,8.2359,715.96
0.11873,6.5458,0,0,6.8246,814.29
0.10562,6.5458,0,0,6.5191,32.649
0.10394,6.5458,0,0,8.3389,367.36
0.11334,6.5458,0,0,8.8522,651.16
0.10094,6.5458,0,0,7.6239,782.79
0.11788,6.5458,0,0,6.9065,0
0.11506,6.5458,0,0,7.5193,160.97
0.11061,6.5458,0,0,8.8244,506.31
0.1173,6.5458,0,0,8.5302,710.37
0.10836,6.5458,0,0,6.8891,815.58
0.12523,6.5458,0,0,6.5337,0
0.10674,6.5458,0,0,7.6938,303.06
0.12677,6.5458,0,0,8.948,613.87
0.1129,6.5458,0,0,7.9173,757.75
0.11921,6.5458,0,0,6.74,846.8
0.12002,6.5458,0,0,6.4586,76.116
0.12614,6.5458,0,0,8.4624,421.72
0.12222,6.5458,0,0,8.8438,671.54
0.11298,6.5458,0,0,7.5336,791.51
0.12096,6.5458,0,0,7.0087,0
0.11665,6.5458,0,0,7.6096,189.26
0.1313,6.5458,0,0,8.9548,540.84
0.11958,6.5458,0,0,8.4331,698.14
0.11408,6.5458,0,0,6.793,795.42
0.12223,6.5458,0,0,7.0391,0
0.12066,6.5458,0,0,7.6579,309.73
0.12837,6.5458,0,0,9.0079,615.33
0.11548,6.5458,0,0,7.8193,732.24
0.11495,6.5458,0,0,6.72,817.47
0.13497,6.5458,0,0,7.0183,90.78
0.12982,6.5458,0,0,8.3599,442.41
0.13943,6.5458,0,0,8.6111,667.42
0.12112,6.5458,0,0,7.1625,755.46
0.13087,6.5458,0,0,6.867,0
0.13581,6.5458,0,0,7.4217,211.79
0.12551,6.5458,0,0,8.9432,554.42
0.12871,6.5458,0,0,8.4148,714.57
0.12698,6.5458,0,0,6.8018,796.34
0.13106,6.5458,0,0,7.0312,0
0.13664,6.5458,0,0,8.0863,347.61
0.14519,6.5458,0,0,8.784,631.15
0.12937,6.5458,0,0,7.6234,741.7
0.13919,6.5458,0,0,6.6374,811.35
0.13872,6.5458,0,0,7.054,122.18
0.14352,6.5458,0,0,8.1004,493.12
0.14718,6.5458,0,0,7.5623,699.64
0.14821,6.5458,0,0,7.5095,789.28
0.15598,6.5458,0,0,5.7468,0
0.16339,6.5458,0,0,5.048,228.95
0.1673,6.5458,0,0,10.245,510.67
0.15086,6.5458,0,0,9.1174,583.1
0.1695,6.5458,0,0,6.8754,648.07
0.15325,6.5458,0,0,6.8814,17.108
0.15369,6.5458,0,0,8.5181,387.85
0.16189,6.5458,0,0,9.5333,665.76
0.1334,6.5458,0,0,8.2048,742.14
0.15117,6.5458,0,0,7.1415,0
0.14755,6.5458,0,0,7.4215,159.41
0.15139,6.5458,0,0,8.7194,562.43
0.16161,6.5458,0,0,8.7318,762.37
0.14486,6.5458,0,0,7.2509,854.46
0.15509,6.5458,0,0,7.2135,0
0.16226,6.5458,0,0,7.5433,363.77
0.16698,6.5458,0,0,8.8504,694.95
0.16311,6.5458,0,0,7.9002,773.64
0.16344,6.5458,0,0,6.7568,835.69
0.17106,6.5458,0,0,7.0501,52.846
0.16702,6.5458,0,0,8.351,415.58
0.17437,6.5458,0,0,8.8949,646.93
0.16063,6.5458,0,0,7.581,706.5
0.17857,6.5458,0,0,6.832,0
0.1745,6.5458,0,0,7.3189,145.29
0.16713,6.5458,0,0,8.9507,476.21
0.17011,6.5458,0,0,8.944,644.27
0.16571,6.5458,0,0,7.2868,716.78
0.18146,6.5458,0,0,7.0974,0
0.16429,6.5458,0,0,7.9206,323.27
0.1763,6.5458,0,0,8.9795,618.73
0.16366,6.5458,0,0,8.2991,708.55
0.16533,6.5458,0,0,7.1144,771.15
0.1851,6.5458,0,0,7.3378,85.81
0.17381,6.5458,0,0,8.6653,484.73
0.17614,6.5458,0,0,8.9394,692.42
0.17076,6.5458,0,0,7.5404,750.79
0.18402,6.5458,0,0,6.9773,0
0.18423,6.5458,0,0,7.4389,212.9
0.18283,6.5458,0,0,8.9729,583.11
0.19021,6.5458,0,0,8.5786,704.33
0.18806,6.5458,0,0,6.9402,752.18
0.19202,6.5458,0,0,6.997,0
0.19378,6.5458,0,0,7.9964,336.98
0.19123,6.5458,0,0,8.976,621.83
0.19046,6.5458,0,0,7.8781,688.62
0.18384,6.5458,0,0,6.6854,745.04
0.20434,6.5458,0,0,6.7791,113.01
0.19055,6.5458,0,0,8.3937,511.99
0.19414,6.5458,0,0,8.8407,689.73
0.18384,6.5458,0,0,7.5989,725.31
0.20731,6.5458,0,0,7.0325,0
0.19833,6.5458,0,0,7.3499,247.74
0.20136,6.5458,0,0,9.006,600.54
0.20472,6.5458,0,0,8.6007,693.61
0.19429,6.5458,0,0,7.0721,740.36
0.19361,6.5458,0,0,7.3252,0
0.20104,6.5458,0,0,8.2335,323.97
0.1993,6.5458,0,0,9.2935,596.61
0.19817,6.5458,0,0,8.1721,683.19
0.19961,6.5458,0,0,7.0428,745.06
0.21182,6.5458,0,0,7.1056,137.89
0.20061,6.5458,0,0,8.5698,528.76
0.20524,6.5458,0,0,8.8272,686.97
0.19644,6.5458,0,0,7.4016,719.52
0.21975,6.5458,0,0,6.9148,0
0.20802,6.5458,0,0,7.8094,338.75
0.2126,6.5458,0,0,8.83,666.84
0.21322,6.5458,0,0,8.0147,714.57
0.20936,6.5458,0,0,6.8076,747.81
0.21499,6.5458,0,0,7.227,33.119
0.21327,6.5458,0,0,8.6049,361.14
0.21726,6.5458,0,0,9.4992,566.91
0.19948,6.5458,0,0,8.3756,663.8
0.21513,6.5458,0,0,7.2311,0
0.22188,6.5458,0,0,7.5163,114.11
0.21109,6.5458,0,0,8.8687,387.87
0.21263,6.5458,0,0,9.2807,566.1
0.20971,6.5458,0,0,7.7185,636.04
0.22874,6.5458,0,0,7.13,0
0.20741,6.5458,0,0,8.2475,381.49
0.22409,6.5458,0,0,8.9385,632.21
0.2191,6.5458,0,0,8.1085,680.64
0.21936,6.5458,0,0,6.8151,671.22
0.22663,6.5458,0,0,7.1814,93.105
0.23194,6.5458,0,0,8.5518,463.77
0.23989,6.5458,0,0,8.7335,598.29
0.22225,6.5458,0,0,7.6234,658.78
0.22922,6.5458,0,0,7.1507,711.84
0.23087,6.5458,0,0,7.8532,100.77
0.2265,6.5458,0,0,9.0229,283.62
0.22155,6.5458,0,0,9.1044,421.5
0.21741,6.5458,0,0,7.8755,527.33
0.2264,6.5458,0,0,6.9804,26.819
0.20416,6.5458,0,0,7.9942,326.67
0.22467,6.5458,0,0,8.4009,552.79
0.21766,6.5458,0,0,7.6074,600.3
0.23785,6.5458,0,0,6.5629,593.98
0.23684,6.5458,0,0,7.3501,188.81
0.22437,6.5458,0,0,8.9096,558.16
0.24053,6.5458,0,0,8.7369,655.45
0.2231,6.5458,0,0,7.3027,645.03
