0.0020842
0.022984
0.043792
0.064607
0.085484
0.10634
0.12716
0.14796
0.16882
0.18964
0.21042
0.23129
0.2521
0.27292
0.29381
0.3146
0.3355
0.35632
0.37716
0.39797
0.41878
0.43964
0.46049
0.48126
0.50211
0.52293
0.54377
0.56461
0.58542
0.6063
0.62712
0.64797
0.66884
0.68966
0.71042
0.73134
0.75215
0.77294
0.79379
0.81464
0.83545
0.85627
0.87715
0.89798
0.91881
0.93959
0.96046
0.98132
1.0021
1.0229
1.0438
1.0646
1.0855
1.1063
1.1271
1.148
1.1688
1.1896
1.2105
1.2313
1.2522
1.2729
1.2938
1.3146
1.3354
1.3563
1.3771
1.3979
1.4188
1.4396
1.4605
1.4813
1.5021
1.5229
1.5438
1.5646
1.5855
1.6063
1.6271
1.6479
1.6688
1.6896
1.7104
1.7313
1.7521
1.7729
1.7938
1.8146
1.8355
1.8563
1.8771
1.8979
1.9188
1.9396
1.9605
1.9813
2.0022
2.023
2.0438
2.0646
2.0854
2.1063
2.1271
2.148
2.1688
2.1896
2.2105
2.2313
2.2522
2.2729
2.2938
2.3146
2.3355
2.3563
2.3771
2.398
2.4188
2.4396
2.4604
2.4813
2.5021
2.523
2.5438
2.5646
2.5855
2.6063
2.6271
2.6479
2.6688
2.6896
2.7105
2.7313
2.7521
2.7729
2.7938
2.8146
2.8355
2.8563
2.8771
2.898
2.9188
2.9396
2.9605
2.9813
3.0021
3.0229
3.0438
3.0646
3.0854
3.1063
3.1271
3.1479
3.1688
3.1896
3.2105
3.2313
3.2521
3.2729
3.2938
3.3147
3.3355
3.3563
3.3772
3.3979
3.4188
3.4396
3.4605
3.4813
3.5022
3.5229
3.5438
3.5647
3.5854
3.6063
3.6271
3.648
3.6688
3.6896
3.7104
3.7313
3.7521
3.7729
3.7938
3.8146
3.8354
3.8563
3.8771
3.898
3.9188
3.9396
3.9604
3.9813
4.0021
4.0229
4.0438
4.0646
4.0855
4.1063
4.1271
4.148
4.1688
4.1896
4.2104
4.2313
4.2521
4.2729
4.2938
4.3146
4.3354
4.3563
4.3771
4.398
4.4188
4.4396
4.4604
4.4813
4.5021
4.5229
4.5438
4.5646
4.5855
4.6063
4.6271
4.648
4.6688
4.6896
4.7104
4.7313
4.7521
4.7729
4.7938
4.8146
4.8355
4.8563
4.8771
4.8979
4.9188
4.9397
4.9604
4.9813
5.0021
5.0229
5.0438
5.0646
5.0854
5.1063
5.1271
5.1479
5.1688
5.1896
5.2104
5.2313
5.2521
5.273
5.2938
5.3146
5.3354
5.3563
5.3771
5.3979
5.4188
5.4396
5.4604
5.4813
5.5021
5.5229
5.5438
5.5646
5.5854
5.6063
5.6271
5.6479
5.6688
5.6896
5.7105
5.7313
5.7521
5.7729
5.7938
5.8146
5.8355
5.8563
5.8771
5.8979
5.9188
5.9396
5.9604
5.9813
6.0021
6.0229
6.0438
6.0646
6.0855
6.1063
6.1271
6.1479
6.1688
6.1896
6.2104
6.2313
6.2521
6.2729
6.2938
6.3146
6.3354
6.3563
6.3771
6.3979
6.4188
6.4396
6.4604
6.4813
6.5021
6.523
6.5438
6.5646
6.5854
6.6063
6.6271
6.6479
6.6688
6.6896
6.7105
6.7313
6.7521
6.773
6.7938
6.8146
6.8355
6.8563
6.8771
6.8979
6.9188
6.9397
6.9604
6.9813
7.0022
7.0229
7.0438
7.0646
7.0855
7.1063
7.1271
7.1479
7.1688
7.1897
7.2105
7.2313
7.2522
7.273
7.2938
7.3146
7.3355
7.3563
7.3771
7.398
7.4188
7.4396
7.4604
7.4813
7.5021
7.5229
7.5438
7.5646
7.5855
7.6063
7.6271
7.648
7.6688
7.6896
7.7104
7.7313
7.7521
7.773
7.7938
7.8146
7.8354
7.8563
7.8771
7.898
7.9188
7.9396
7.9605
7.9813
8.0021
8.0229
8.0438
8.0646
8.0855
8.1063
8.1271
8.1479
8.1688
8.1896
8.2105
8.2313
8.2521
8.2729
8.2938
8.3147
8.3355
8.3563
8.3771
8.3979
8.4188
8.4396
8.4604
8.4813
8.5022
8.5229
8.5438
8.5646
8.5854
8.6063
8.6271
8.648
8.6688
8.6896
8.7105
8.7313
8.7521
8.773
8.7938
8.8146
8.8354
8.8563
8.8771
8.8979
8.9188
8.9396
8.9605
8.9813
9.0021
9.0229
9.0438
9.0646
9.0854
9.1063
9.1271
9.148
9.1688
9.1896
9.2104
9.2313
9.2521
9.2729
9.2938
9.3146
9.3355
9.3563
9.3771
9.398
9.4188
9.4396
9.4604
9.4813
9.5021
9.5229
9.5438
9.5647
9.5854
9.6063
9.6271
9.6479
9.6688
9.6896
9.7105
9.7313
9.7521
9.7729
9.7938
9.8146
9.8354
9.8563
9.8771
9.898
9.9188
9.9397
9.9605
9.9813
10.002
10.023
10.044
10.065
10.085
10.106
10.127
10.148
10.169
10.19
10.21
10.231
10.252
10.273
10.294
10.315
10.335
10.356
10.377
10.398
10.419
10.44
10.46
10.481
10.502
10.523
10.544
10.565
10.585
10.606
10.627
10.648
10.669
10.69
10.71
10.731
10.752
10.773
10.794
10.815
10.835
10.856
10.877
10.898
10.919
10.94
10.96
10.981
11.002
11.023
11.044
11.065
11.085
11.106
11.127
11.148
11.169
11.19
11.21
11.231
11.252
11.273
11.294
11.315
11.335
11.356
11.377
11.398
11.419
11.44
11.46
11.481
11.502
11.523
11.544
11.565
11.585
11.606
11.627
11.648
11.669
11.69
11.71
11.731
11.752
11.773
11.794
11.815
11.835
11.856
11.877
11.898
11.919
11.94
11.96
11.981
12.002
12.023
12.044
12.065
12.085
12.106
12.127
12.148
12.169
12.19
12.21
12.231
12.252
12.273
12.294
12.315
12.335
12.356
12.377
12.398
12.419
12.44
12.46
12.481
12.502
12.523
12.544
12.565
12.585
12.606
12.627
12.648
12.669
12.69
12.71
12.731
12.752
12.773
12.794
12.815
12.835
12.856
12.877
12.898
12.919
12.94
12.96
12.981
13.002
13.023
13.044
13.065
13.085
13.106
13.127
13.148
13.169
13.19
13.21
13.231
13.252
13.273
13.294
13.315
13.335
13.356
13.377
13.398
13.419
13.44
13.46
13.481
13.502
13.523
13.544
13.565
13.585
13.606
13.627
13.648
13.669
13.69
13.71
13.731
13.752
13.773
13.794
13.815
13.835
13.856
13.877
13.898
13.919
13.94
13.96
13.981
14.002
14.023
14.044
14.065
14.085
14.106
14.127
14.148
14.169
14.19
14.21
14.231
14.252
14.273
14.294
14.315
14.335
14.356
14.377
14.398
14.419
14.44
14.46
14.481
14.502
14.523
14.544
14.565
14.585
14.606
14.627
14.648
14.669
14.69
14.71
14.731
14.752
14.773
14.794
14.815
14.835
14.856
14.877
14.898
14.919
14.94
14.96
14.981
15.002
15.023
15.044
15.065
15.085
15.106
15.127
15.148
15.169
15.19
15.21
15.231
15.252
15.273
15.294
15.315
15.335
15.356
15.377
15.398
15.419
15.44
15.46
15.481
15.502
15.523
15.544
15.565
15.585
15.606
15.627
15.648
15.669
15.69
15.71
15.731
15.752
15.773
15.794
15.815
15.835
15.856
15.877
15.898
15.919
15.94
15.96
15.981
16.002
16.023
16.044
16.065
16.085
16.106
16.127
16.148
16.169
16.19
16.21
16.231
16.252
16.273
16.294
16.315
16.335
16.356
16.377
16.398
16.419
16.44
16.46
16.481
16.502
16.523
16.544
16.565
16.585
16.606
16.627
16.648
16.669
16.69
16.71
16.731
16.752
16.773
16.794
16.815
16.835
16.856
16.877
16.898
16.919
16.94
16.96
16.981
17.002
17.023
17.044
17.065
17.085
17.106
17.127
17.148
17.169
17.19
17.21
17.231
17.252
17.273
17.294
17.315
17.335
17.356
17.377
17.398
17.419
17.44
17.46
17.481
17.502
17.523
17.544
17.565
17.585
17.606
17.627
17.648
17.669
17.69
17.71
17.731
17.752
17.773
17.794
17.815
17.835
17.856
17.877
17.898
17.919
17.94
17.96
17.981
18.002
18.023
18.044
18.065
18.085
18.106
18.127
18.148
18.169
18.19
18.21
18.231
18.252
18.273
18.294
18.315
18.335
18.356
18.377
18.398
18.419
18.44
18.46
18.481
18.502
18.523
18.544
18.565
18.585
18.606
18.627
18.648
18.669
18.69
18.71
18.731
18.752
18.773
18.794
18.815
18.835
18.856
18.877
18.898
18.919
18.94
18.96
18.981
19.002
19.023
19.044
19.065
19.085
19.106
19.127
19.148
19.169
19.19
19.21
19.231
19.252
19.273
19.294
19.315
19.335
19.356
19.377
19.398
19.419
19.44
19.46
19.481
19.502
19.523
19.544
19.565
19.585
19.606
19.627
19.648
19.669
19.69
19.71
19.731
19.752
19.773
19.794
19.815
19.835
19.856
19.877
19.898
19.919
19.94
19.961
19.981
