-0.486,-0.3369,-1.34,-0.3369,-4.02,0.11998
-0.48676,-0.33952,-1.3408,-0.33958,-4.0208,0.11712
-0.48624,-0.34587,-1.3402,-0.34619,-4.0204,0.10971
-0.48608,-0.3553,-1.3401,-0.35555,-4.0202,0.10057
-0.48581,-0.35949,-1.3398,-0.35969,-4.0199,0.096606
-0.48514,-0.35741,-1.3391,-0.35774,-4.0193,0.098122
-0.48537,-0.35685,-1.3394,-0.35704,-4.0195,0.099268
-0.48587,-0.35765,-1.3399,-0.3578,-4.02,0.098627
-0.4865,-0.35828,-1.3405,-0.35836,-4.0205,0.098294
-0.48687,-0.35824,-1.3409,-0.35823,-4.0209,0.098677
-0.48693,-0.3581,-1.3409,-0.35813,-4.021,0.098663
-0.48731,-0.35844,-1.3413,-0.35841,-4.0213,0.098563
-0.48754,-0.35867,-1.3415,-0.35879,-4.0216,0.097738
-0.48769,-0.35854,-1.3417,-0.35867,-4.0218,0.097806
-0.48717,-0.35813,-1.3412,-0.35833,-4.0213,0.09792
-0.48637,-0.35792,-1.3404,-0.35819,-4.0205,0.097879
-0.48554,-0.35792,-1.3395,-0.35815,-4.0197,0.098034
-0.4845,-0.35774,-1.3385,-0.35799,-4.0186,0.098152
-0.48359,-0.35768,-1.3376,-0.35781,-4.0177,0.098665
-0.4825,-0.35751,-1.3365,-0.35763,-4.0166,0.098887
-0.48172,-0.35757,-1.3357,-0.35762,-4.0157,0.099134
-0.48123,-0.3576,-1.3352,-0.35756,-4.0152,0.09949
-0.48091,-0.35748,-1.3349,-0.3574,-4.0149,0.099767
-0.48092,-0.35745,-1.3349,-0.35726,-4.0148,0.10021
-0.48102,-0.35731,-1.335,-0.35713,-4.0149,0.10032
-0.48156,-0.35732,-1.3356,-0.35708,-4.0154,0.10057
-0.48228,-0.35718,-1.3363,-0.35693,-4.0161,0.10075
-0.48314,-0.35699,-1.3371,-0.35675,-4.017,0.1009
-0.48412,-0.35684,-1.3381,-0.35659,-4.018,0.1011
-0.48507,-0.3566,-1.3391,-0.35642,-4.019,0.10106
-0.48618,-0.35646,-1.3402,-0.35628,-4.0201,0.1012
-0.48708,-0.35616,-1.3411,-0.35605,-4.021,0.10119
-0.48795,-0.35592,-1.3419,-0.35585,-4.0219,0.10128
-0.48862,-0.35566,-1.3426,-0.35564,-4.0226,0.10132
-0.48913,-0.3554,-1.3431,-0.35545,-4.0232,0.10128
-0.48955,-0.3552,-1.3436,-0.35527,-4.0236,0.10143
-0.48965,-0.35489,-1.3437,-0.35503,-4.0237,0.10141
-0.48971,-0.35471,-1.3437,-0.35486,-4.0238,0.10159
-0.4895,-0.35446,-1.3435,-0.35465,-4.0236,0.10165
-0.48923,-0.35428,-1.3432,-0.35448,-4.0233,0.10177
-0.48885,-0.3541,-1.3428,-0.3543,-4.023,0.10199
-0.4883,-0.35387,-1.3423,-0.3541,-4.0224,0.10209
-0.48782,-0.35376,-1.3418,-0.35394,-4.0219,0.10238
-0.48721,-0.35356,-1.3412,-0.35375,-4.0213,0.10252
-0.48674,-0.35345,-1.3407,-0.3536,-4.0208,0.10282
-0.48624,-0.35329,-1.3402,-0.35342,-4.0203,0.10308
-0.48583,-0.35314,-1.3398,-0.35325,-4.0199,0.10332
-0.48557,-0.35304,-1.3396,-0.35309,-4.0196,0.10364
-0.48536,-0.35286,-1.3394,-0.35291,-4.0194,0.10385
-0.48565,-0.35241,-1.3397,-0.35222,-4.0196,0.10527
-0.48604,-0.35106,-1.34,-0.35067,-4.0198,0.10743
-0.48658,-0.34944,-1.3406,-0.34897,-4.0203,0.10939
-0.48732,-0.34809,-1.3413,-0.34756,-4.021,0.11099
-0.48817,-0.34662,-1.3422,-0.34613,-4.0219,0.11228
-0.48923,-0.3451,-1.3432,-0.34467,-4.023,0.11359
-0.49039,-0.34353,-1.3444,-0.3432,-4.0242,0.11472
-0.49182,-0.34202,-1.3458,-0.34179,-4.0257,0.11585
-0.49331,-0.3405,-1.3473,-0.34039,-4.0273,0.11686
-0.4949,-0.33899,-1.3489,-0.33899,-4.0289,0.1179
-0.49652,-0.3375,-1.3505,-0.33762,-4.0306,0.11888
-0.49811,-0.33605,-1.3521,-0.33631,-4.0323,0.11974
-0.49962,-0.33453,-1.3536,-0.335,-4.0339,0.12045
-0.50087,-0.33319,-1.3549,-0.33391,-4.0353,0.12073
-0.50213,-0.33239,-1.3561,-0.33323,-4.0366,0.12104
-0.50314,-0.33158,-1.3571,-0.33248,-4.0376,0.12157
-0.50402,-0.33074,-1.358,-0.33169,-4.0385,0.1222
-0.50467,-0.33,-1.3587,-0.33098,-4.0392,0.12283
-0.50513,-0.32933,-1.3591,-0.33032,-4.0397,0.12348
-0.5054,-0.3287,-1.3594,-0.32968,-4.0399,0.12416
-0.5055,-0.32813,-1.3595,-0.32909,-4.04,0.1248
-0.50549,-0.32759,-1.3595,-0.32851,-4.04,0.1255
-0.50535,-0.32711,-1.3593,-0.328,-4.0398,0.12611
-0.50513,-0.32675,-1.3591,-0.32759,-4.0396,0.12667
-0.50492,-0.32643,-1.3589,-0.32719,-4.0393,0.12731
-0.50471,-0.32608,-1.3587,-0.32677,-4.0391,0.12799
-0.50454,-0.32576,-1.3585,-0.32636,-4.0389,0.12868
-0.50443,-0.3255,-1.3584,-0.326,-4.0387,0.12934
-0.50437,-0.32529,-1.3584,-0.3257,-4.0386,0.12989
-0.50439,-0.32514,-1.3584,-0.32547,-4.0386,0.13038
-0.5045,-0.325,-1.3585,-0.32524,-4.0386,0.13089
-0.50468,-0.32485,-1.3587,-0.32502,-4.0388,0.13135
-0.50489,-0.32469,-1.3589,-0.32481,-4.039,0.13173
-0.50515,-0.32455,-1.3592,-0.32463,-4.0392,0.13202
-0.50545,-0.32436,-1.3594,-0.32439,-4.0395,0.13239
-0.50569,-0.3241,-1.3597,-0.32413,-4.0397,0.13268
-0.50591,-0.32387,-1.3599,-0.32391,-4.0399,0.13286
-0.5061,-0.32364,-1.3601,-0.32368,-4.0401,0.13309
-0.5062,-0.32334,-1.3602,-0.32343,-4.0402,0.1332
-0.50628,-0.32303,-1.3603,-0.32314,-4.0403,0.13339
-0.50632,-0.32268,-1.3603,-0.32281,-4.0404,0.13368
-0.50627,-0.32231,-1.3603,-0.32252,-4.0404,0.13374
-0.50619,-0.32215,-1.3602,-0.32241,-4.0403,0.13366
-0.50612,-0.32201,-1.3601,-0.32232,-4.0403,0.13359
-0.50612,-0.32181,-1.3601,-0.32214,-4.0403,0.13373
-0.50625,-0.3215,-1.3603,-0.32176,-4.0404,0.13433
-0.5063,-0.32114,-1.3603,-0.32143,-4.0405,0.13454
-0.50646,-0.32105,-1.3605,-0.32135,-4.0406,0.1346
-0.50682,-0.32097,-1.3608,-0.32117,-4.0409,0.1351
-0.50711,-0.32061,-1.3611,-0.32083,-4.0412,0.13539
-0.50738,-0.3205,-1.3614,-0.32076,-4.0415,0.13534
-0.50771,-0.32056,-1.3617,-0.32077,-4.0418,0.13545
-0.50789,-0.32028,-1.3619,-0.32045,-4.042,0.13591
-0.50763,-0.31985,-1.3616,-0.32013,-4.0418,0.1359
-0.5071,-0.31978,-1.3611,-0.32017,-4.0413,0.13551
-0.50613,-0.31966,-1.3601,-0.32014,-4.0404,0.13524
-0.50461,-0.31914,-1.3586,-0.31971,-4.0389,0.1354
-0.50235,-0.31852,-1.3563,-0.31931,-4.0368,0.13511
-0.49949,-0.31817,-1.3535,-0.31919,-4.034,0.1345
-0.49589,-0.31791,-1.3499,-0.31916,-4.0306,0.13384
-0.49166,-0.31752,-1.3457,-0.31896,-4.0264,0.13344
-0.48684,-0.31702,-1.3408,-0.31858,-4.0217,0.13343
-0.48132,-0.31645,-1.3353,-0.3181,-4.0162,0.13363
-0.47521,-0.31579,-1.3292,-0.3175,-4.0101,0.13403
-0.46846,-0.31513,-1.3225,-0.31689,-4.0034,0.1345
-0.4612,-0.31462,-1.3152,-0.31644,-3.9962,0.13477
-0.4535,-0.31428,-1.3075,-0.31613,-3.9885,0.13495
-0.44539,-0.31409,-1.2994,-0.31592,-3.9804,0.13522
-0.43703,-0.31402,-1.291,-0.31578,-3.972,0.1356
-0.42855,-0.31399,-1.2825,-0.3156,-3.9634,0.13625
-0.4199,-0.31396,-1.2739,-0.31536,-3.9546,0.13713
-0.41119,-0.31401,-1.2652,-0.31517,-3.9458,0.1381
-0.40243,-0.3142,-1.2564,-0.31508,-3.9369,0.13905
-0.39363,-0.31452,-1.2476,-0.3151,-3.9279,0.13997
-0.38488,-0.31488,-1.2389,-0.31516,-3.919,0.14084
-0.37606,-0.31527,-1.2301,-0.31527,-3.9101,0.14163
-0.36712,-0.31572,-1.2211,-0.31548,-3.901,0.14218
-0.35795,-0.3166,-1.212,-0.31608,-3.8917,0.14244
-0.34854,-0.31705,-1.2025,-0.31638,-3.8822,0.14262
-0.33865,-0.31745,-1.1926,-0.31662,-3.8722,0.14287
-0.32841,-0.31786,-1.1824,-0.31689,-3.8619,0.14308
-0.31758,-0.31814,-1.1716,-0.31709,-3.851,0.1431
-0.30609,-0.31803,-1.1601,-0.31701,-3.8395,0.1431
-0.29397,-0.31776,-1.148,-0.31683,-3.8275,0.14298
-0.28128,-0.31733,-1.1353,-0.31659,-3.8149,0.14262
-0.26769,-0.31661,-1.1217,-0.31619,-3.8015,0.14204
-0.25366,-0.31594,-1.1077,-0.31586,-3.7876,0.1413
-0.23921,-0.31525,-1.0932,-0.31549,-3.7733,0.14065
-0.22441,-0.31464,-1.0784,-0.31517,-3.7587,0.14005
-0.20966,-0.31443,-1.0637,-0.31518,-3.7441,0.13937
-0.1947,-0.31461,-1.0487,-0.31548,-3.7292,0.13871
-0.17965,-0.31458,-1.0336,-0.31551,-3.7141,0.13847
-0.16469,-0.31473,-1.0187,-0.31562,-3.6992,0.13851
-0.14939,-0.31524,-1.0034,-0.31597,-3.6838,0.13865
-0.13408,-0.31563,-0.98808,-0.31616,-3.6684,0.13907
-0.11847,-0.31601,-0.97247,-0.31629,-3.6526,0.13975
-0.10222,-0.31627,-0.95622,-0.31629,-3.6362,0.14052
-0.085586,-0.31641,-0.93959,-0.31622,-3.6195,0.14127
-0.068536,-0.31661,-0.92254,-0.31625,-3.6023,0.14179
-0.051275,-0.31721,-0.90528,-0.31667,-3.585,0.14191
-0.0333,-0.31761,-0.8873,-0.31699,-3.567,0.14184
-0.014774,-0.31809,-0.86877,-0.31736,-3.5484,0.14182
0.004132,-0.31845,-0.84987,-0.31763,-3.5294,0.14185
0.023432,-0.31843,-0.83057,-0.31758,-3.5101,0.14197
0.043454,-0.31826,-0.81055,-0.31744,-3.4901,0.14204
0.063999,-0.31795,-0.79,-0.3172,-3.4696,0.14204
0.085057,-0.31768,-0.76894,-0.31702,-3.4486,0.14194
0.10595,-0.31798,-0.74805,-0.31734,-3.4277,0.14154
0.1273,-0.31806,-0.7267,-0.31748,-3.4064,0.14125
0.1488,-0.31825,-0.7052,-0.31767,-3.3849,0.14107
0.17034,-0.3185,-0.68366,-0.31786,-3.3633,0.14104
0.19219,-0.31857,-0.66181,-0.3179,-3.3415,0.14109
0.21436,-0.3185,-0.63964,-0.31779,-3.3193,0.14131
0.23701,-0.31839,-0.61699,-0.31764,-3.2966,0.14162
0.25978,-0.31868,-0.59422,-0.31785,-3.2738,0.14168
0.28277,-0.31895,-0.57123,-0.31807,-3.2508,0.14158
0.30599,-0.3194,-0.54801,-0.31845,-3.2275,0.14145
0.32937,-0.31965,-0.52462,-0.31862,-3.2041,0.1415
0.3536,-0.31957,-0.5004,-0.31853,-3.1798,0.14164
0.37799,-0.31938,-0.47601,-0.31834,-3.1555,0.1418
0.40299,-0.31932,-0.45101,-0.3183,-3.1305,0.14178
0.42811,-0.31963,-0.42589,-0.31858,-3.1053,0.14164
0.45367,-0.31976,-0.40032,-0.31865,-3.0797,0.14172
0.47937,-0.31964,-0.37463,-0.31853,-3.054,0.14184
0.50584,-0.31944,-0.34816,-0.31838,-3.0276,0.14185
0.53273,-0.31915,-0.32127,-0.31817,-3.0007,0.14181
0.5602,-0.31931,-0.2938,-0.31836,-2.9733,0.14151
0.58735,-0.31959,-0.26665,-0.31864,-2.9461,0.14125
0.61513,-0.31971,-0.23887,-0.31872,-2.9183,0.14131
0.64312,-0.3195,-0.21088,-0.31848,-2.8903,0.14163
0.67161,-0.31909,-0.18239,-0.31811,-2.8619,0.14186
0.70059,-0.31896,-0.15341,-0.31801,-2.8329,0.14185
0.72967,-0.31945,-0.12433,-0.31844,-2.8038,0.14162
0.7588,-0.31987,-0.095197,-0.31873,-2.7746,0.14176
0.78846,-0.31987,-0.065535,-0.31863,-2.7449,0.14215
0.81861,-0.31949,-0.035392,-0.31823,-2.7147,0.14261
0.84933,-0.31928,-0.0046657,-0.31803,-2.684,0.14278
0.88002,-0.31956,0.026022,-0.31826,-2.6533,0.14272
0.91104,-0.31998,0.057045,-0.31861,-2.6222,0.1426
0.94238,-0.32015,0.088384,-0.31873,-2.5909,0.14262
0.97424,-0.31971,0.12024,-0.31832,-2.559,0.14291
1.0067,-0.31938,0.15269,-0.31804,-2.5266,0.14304
1.0388,-0.31958,0.18479,-0.31819,-2.4945,0.14306
1.0717,-0.31998,0.21769,-0.31853,-2.4615,0.14293
1.1045,-0.31984,0.25051,-0.3184,-2.4287,0.14302
1.1382,-0.31932,0.28422,-0.31793,-2.395,0.14334
1.1723,-0.3192,0.31835,-0.31782,-2.3609,0.14342
1.2062,-0.31966,0.35215,-0.31817,-2.327,0.1434
1.2401,-0.32006,0.38607,-0.31849,-2.2931,0.14333
1.2744,-0.32001,0.42038,-0.31835,-2.2587,0.14375
1.309,-0.31963,0.45498,-0.31792,-2.2241,0.14433
1.3436,-0.31992,0.48956,-0.31807,-2.1894,0.14462
1.3775,-0.32047,0.52353,-0.31846,-2.1554,0.14476
1.4118,-0.32091,0.55776,-0.31874,-2.1211,0.14495
1.4459,-0.32078,0.5919,-0.31852,-2.0869,0.14548
1.4806,-0.32069,0.62658,-0.31835,-2.0522,0.14589
1.5145,-0.32135,0.66054,-0.31882,-2.0181,0.146
1.5484,-0.32197,0.69442,-0.31928,-1.9841,0.14606
1.582,-0.32194,0.72803,-0.31917,-1.9505,0.14644
1.6162,-0.32158,0.76217,-0.31878,-1.9163,0.1469
1.6503,-0.32156,0.79634,-0.31875,-1.8821,0.14698
1.6841,-0.32191,0.83006,-0.31909,-1.8484,0.14668
1.7177,-0.32218,0.86367,-0.31938,-1.8148,0.14631
1.7516,-0.3221,0.89757,-0.31935,-1.7809,0.1462
1.7855,-0.3216,0.9315,-0.31896,-1.7471,0.14624
1.819,-0.32157,0.96503,-0.31897,-1.7136,0.14609
1.8527,-0.32174,0.99867,-0.31918,-1.6799,0.14572
1.8866,-0.32172,1.0326,-0.31922,-1.646,0.14553
1.9205,-0.32126,1.0665,-0.31885,-1.6122,0.14559
1.9546,-0.3209,1.1006,-0.31862,-1.5782,0.14541
1.9879,-0.3211,1.1339,-0.31886,-1.5449,0.14506
2.0217,-0.32128,1.1678,-0.31912,-1.5111,0.14454
2.0551,-0.3212,1.2011,-0.31909,-1.4777,0.14445
2.0892,-0.3208,1.2352,-0.31874,-1.4437,0.14462
2.1229,-0.32069,1.2689,-0.31865,-1.41,0.14467
2.1564,-0.32076,1.3025,-0.31874,-1.3765,0.14447
2.1896,-0.32108,1.3356,-0.31904,-1.3433,0.14425
2.2233,-0.32098,1.3693,-0.3189,-1.3096,0.1445
2.2575,-0.32058,1.4035,-0.31851,-1.2754,0.14486
2.2906,-0.32074,1.4366,-0.3186,-1.2422,0.14505
2.3243,-0.32112,1.4703,-0.31888,-1.2085,0.14505
2.358,-0.32117,1.504,-0.31888,-1.1748,0.14522
2.3919,-0.32088,1.5379,-0.31858,-1.1409,0.14554
2.4258,-0.32071,1.5718,-0.3184,-1.1069,0.14574
2.4594,-0.32091,1.6054,-0.31857,-1.0733,0.14568
2.4931,-0.3211,1.6391,-0.31878,-1.0396,0.1454
2.5266,-0.32109,1.6726,-0.31877,-1.0062,0.14539
2.5606,-0.3206,1.7066,-0.31835,-0.97215,0.14562
2.5946,-0.3206,1.7406,-0.31835,-0.93822,0.14561
2.6284,-0.32084,1.7744,-0.3186,-0.90437,0.14533
2.6619,-0.32109,1.8079,-0.31884,-0.87087,0.14515
2.6958,-0.32086,1.8418,-0.3186,-0.83696,0.14536
2.7299,-0.32047,1.8759,-0.31826,-0.80294,0.14557
2.7636,-0.32072,1.9096,-0.31847,-0.76919,0.14549
2.7971,-0.32116,1.9431,-0.31888,-0.73569,0.14518
2.8309,-0.32127,1.9769,-0.31898,-0.70188,0.14511
2.8648,-0.32106,2.0108,-0.31876,-0.66794,0.14535
2.8987,-0.32104,2.0447,-0.31871,-0.63409,0.14551
2.9323,-0.32132,2.0783,-0.31895,-0.60041,0.1454
2.9657,-0.32162,2.1117,-0.31922,-0.56702,0.14522
2.9996,-0.32161,2.1456,-0.31915,-0.53309,0.14546
3.0338,-0.32111,2.1798,-0.3187,-0.49889,0.14574
3.0674,-0.32115,2.2134,-0.31872,-0.46532,0.14581
3.101,-0.32146,2.2471,-0.31899,-0.43162,0.14564
3.1346,-0.32155,2.2806,-0.31908,-0.39805,0.14559
3.1686,-0.32121,2.3146,-0.31877,-0.3641,0.14578
3.2027,-0.32093,2.3487,-0.31855,-0.33004,0.14582
3.2361,-0.32126,2.3821,-0.31884,-0.2966,0.14566
3.2697,-0.32157,2.4157,-0.31915,-0.26297,0.14535
3.3033,-0.32156,2.4493,-0.31916,-0.22936,0.14528
3.3374,-0.32125,2.4834,-0.31888,-0.19529,0.14545
3.3713,-0.32119,2.5173,-0.31881,-0.16142,0.14556
3.4045,-0.32126,2.5505,-0.31889,-0.12818,0.14544
3.4385,-0.32156,2.5845,-0.3192,-0.094205,0.14511
3.472,-0.32146,2.618,-0.31911,-0.060718,0.14516
3.5061,-0.32105,2.6521,-0.31877,-0.026642,0.14528
3.5398,-0.32117,2.6858,-0.31888,0.0070034,0.14523
3.5734,-0.32151,2.7194,-0.31919,0.040689,0.14499
3.6071,-0.32155,2.7531,-0.31921,0.074397,0.14501
3.6407,-0.32118,2.7867,-0.31886,0.10797,0.14533
3.6748,-0.32096,2.8208,-0.31864,0.14208,0.14551
3.7083,-0.32129,2.8543,-0.31891,0.17557,0.14543
3.7422,-0.3216,2.8882,-0.31927,0.2095,0.14492
3.7757,-0.32165,2.9217,-0.31944,0.24286,0.14438
3.81,-0.32119,2.956,-0.31923,0.27704,0.14385
3.8438,-0.32079,2.9898,-0.31905,0.31072,0.14332
3.8776,-0.32016,3.0236,-0.31863,0.34439,0.14307
3.9112,-0.31989,3.0572,-0.31843,0.37799,0.14303
3.9446,-0.31964,3.0906,-0.31814,0.4114,0.14348
3.9786,-0.31965,3.1246,-0.31804,0.44546,0.14391
4.0117,-0.32033,3.1577,-0.31851,0.47866,0.1441
4.0456,-0.32107,3.1916,-0.31903,0.51265,0.14426
4.079,-0.32127,3.225,-0.31904,0.54619,0.14486
4.1129,-0.32113,3.2589,-0.31872,0.58024,0.14572
4.1472,-0.32126,3.2932,-0.31868,0.61454,0.14628
4.1807,-0.32168,3.3267,-0.31895,0.64814,0.14653
4.2147,-0.32214,3.3607,-0.31929,0.68222,0.14653
4.2484,-0.32214,3.3944,-0.31923,0.716,0.14679
4.2828,-0.32169,3.4288,-0.31883,0.75033,0.14705
4.3167,-0.32172,3.4627,-0.31886,0.78429,0.14699
4.3505,-0.322,3.4965,-0.31917,0.81801,0.1466
4.3845,-0.3221,3.5305,-0.31934,0.85198,0.14619
4.4183,-0.32169,3.5643,-0.31905,0.88574,0.14615
4.4524,-0.3212,3.5984,-0.31871,0.91977,0.14601
4.486,-0.32131,3.632,-0.31891,0.95325,0.14553
4.5194,-0.32151,3.6654,-0.3192,0.98668,0.14496
4.5529,-0.32139,3.6989,-0.31916,1.0201,0.14475
4.5868,-0.3209,3.7328,-0.31875,1.0539,0.1449
4.6204,-0.32086,3.7664,-0.31875,1.0875,0.14476
4.654,-0.32106,3.8,-0.31897,1.1211,0.14447
4.6874,-0.32132,3.8334,-0.3192,1.1545,0.14435
4.721,-0.32114,3.867,-0.31899,1.1882,0.14467
4.755,-0.32076,3.901,-0.31863,1.2222,0.14497
4.7886,-0.32108,3.9346,-0.31885,1.2558,0.14502
4.8223,-0.32154,3.9683,-0.31922,1.2895,0.14497
4.8556,-0.32157,4.0016,-0.31917,1.3229,0.14528
4.8897,-0.32112,4.0357,-0.3187,1.357,0.14579
4.924,-0.32091,4.07,-0.31852,1.3913,0.14589
4.9575,-0.32122,4.1035,-0.31878,1.4249,0.14577
4.9913,-0.32142,4.1373,-0.31898,1.4586,0.14556
5.0252,-0.32129,4.1712,-0.31885,1.4925,0.14568
5.0593,-0.32075,4.2053,-0.3184,1.5266,0.14587
5.0932,-0.32078,4.2392,-0.31845,1.5604,0.14574
5.1268,-0.32105,4.2728,-0.31875,1.5941,0.14536
5.1605,-0.32133,4.3065,-0.31901,1.6277,0.14514
5.1942,-0.32108,4.3402,-0.31879,1.6615,0.14529
5.2284,-0.3207,4.3744,-0.31849,1.6956,0.14538
5.2616,-0.32099,4.4076,-0.31875,1.7288,0.14518
5.2954,-0.32145,4.4414,-0.31918,1.7626,0.14484
5.3287,-0.32139,4.4747,-0.31912,1.7959,0.1449
5.3625,-0.32105,4.5085,-0.31879,1.8298,0.14517
5.3967,-0.32097,4.5427,-0.31871,1.8639,0.14527
5.4302,-0.32124,4.5762,-0.31896,1.8974,0.14511
5.4637,-0.32151,4.6097,-0.31921,1.931,0.14491
5.4976,-0.32147,4.6436,-0.31916,1.9648,0.14497
5.5316,-0.32106,4.6777,-0.31881,1.9989,0.14517
5.5653,-0.32127,4.7113,-0.319,2.0325,0.145
5.599,-0.32176,4.745,-0.31945,2.0663,0.14468
5.6324,-0.32199,4.7784,-0.31964,2.0997,0.14463
5.6665,-0.32161,4.8125,-0.31927,2.1337,0.14497
5.7006,-0.32126,4.8466,-0.31894,2.1678,0.14523
5.7343,-0.32158,4.8803,-0.31919,2.2016,0.14521
5.7681,-0.32183,4.9141,-0.31943,2.2354,0.145
5.8017,-0.32177,4.9477,-0.31938,2.269,0.14505
5.8357,-0.32137,4.9817,-0.31901,2.3029,0.14531
5.8697,-0.32132,5.0158,-0.31897,2.337,0.14528
5.9033,-0.32141,5.0493,-0.31909,2.3706,0.14509
5.937,-0.32159,5.083,-0.31925,2.4043,0.14499
5.9708,-0.32133,5.1168,-0.319,2.438,0.1452
6.005,-0.32089,5.151,-0.31864,2.4722,0.14531
6.0384,-0.32115,5.1844,-0.31888,2.5057,0.14516
6.072,-0.32156,5.218,-0.31925,2.5393,0.1449
6.1057,-0.32161,5.2517,-0.31929,2.573,0.14486
6.1396,-0.32129,5.2856,-0.31901,2.6068,0.14505
6.1733,-0.32113,5.3193,-0.31887,2.6405,0.14512
6.207,-0.32156,5.3531,-0.31923,2.6743,0.14499
6.2406,-0.32178,5.3866,-0.31942,2.7079,0.14489
6.2742,-0.32168,5.4202,-0.31928,2.7415,0.14513
6.3082,-0.32118,5.4542,-0.31883,2.7755,0.14544
6.3422,-0.32127,5.4882,-0.31893,2.8094,0.14534
6.3757,-0.32157,5.5217,-0.31923,2.843,0.145
6.4094,-0.32185,5.5554,-0.3195,2.8767,0.14479
6.4429,-0.32147,5.5889,-0.31915,2.9102,0.14505
6.4772,-0.32096,5.6232,-0.31872,2.9444,0.14519
6.5107,-0.3211,5.6567,-0.31884,2.9779,0.14512
6.5444,-0.3214,5.6905,-0.31916,3.0117,0.14479
6.578,-0.32133,5.724,-0.31911,3.0452,0.14475
6.6119,-0.32102,5.7579,-0.31882,3.0791,0.14499
6.6458,-0.32083,5.7918,-0.31864,3.1129,0.14513
6.6794,-0.32093,5.8254,-0.31874,3.1466,0.14505
6.7131,-0.32116,5.8591,-0.31897,3.1803,0.14481
6.7467,-0.32119,5.8927,-0.31897,3.2139,0.14488
6.7807,-0.32078,5.9267,-0.3186,3.2479,0.14516
6.8145,-0.32096,5.9605,-0.31875,3.2817,0.14507
6.8482,-0.32143,5.9942,-0.31916,3.3154,0.14486
6.8817,-0.32168,6.0277,-0.31934,3.349,0.14491
6.9156,-0.32135,6.0617,-0.31898,3.3829,0.14535
6.9497,-0.32104,6.0957,-0.31868,3.417,0.14564
6.9831,-0.32137,6.1291,-0.31892,3.4505,0.14566
7.0167,-0.32167,6.1627,-0.31918,3.484,0.14554
7.0505,-0.32162,6.1965,-0.31912,3.5179,0.14563
7.0846,-0.32129,6.2306,-0.31881,3.5519,0.14589
7.1186,-0.3212,6.2646,-0.31873,3.5859,0.14594
7.1522,-0.32135,6.2982,-0.31891,3.6195,0.14565
7.1858,-0.32163,6.3318,-0.3192,3.6531,0.14533
7.2196,-0.32145,6.3656,-0.31905,3.6869,0.1454
7.2536,-0.32091,6.3996,-0.3186,3.7208,0.14554
7.2874,-0.32088,6.4334,-0.31859,3.7547,0.14548
7.3209,-0.32113,6.4669,-0.31888,3.7881,0.14509
7.3545,-0.32119,6.5005,-0.31897,3.8217,0.14489
7.3883,-0.32086,6.5343,-0.3187,3.8555,0.145
7.4222,-0.32066,6.5682,-0.31855,3.8894,0.14496
7.4557,-0.32102,6.6017,-0.31886,3.9229,0.14482
7.4892,-0.32117,6.6352,-0.31899,3.9564,0.14476
7.5229,-0.32106,6.6689,-0.31884,3.9901,0.14501
7.5569,-0.32068,6.7029,-0.31848,4.0241,0.14533
7.5906,-0.32079,6.7366,-0.31856,4.0579,0.14535
7.624,-0.32105,6.77,-0.31878,4.0912,0.14521
7.6576,-0.3213,6.8036,-0.31898,4.1248,0.14518
7.6915,-0.32097,6.8375,-0.31864,4.1587,0.14554
7.7256,-0.32053,6.8716,-0.31827,4.1929,0.14574
7.7593,-0.32084,6.9053,-0.31853,4.2265,0.14562
7.7929,-0.32126,6.9389,-0.31891,4.2602,0.14535
7.8267,-0.32128,6.9727,-0.31894,4.294,0.14531
7.8605,-0.32094,7.0065,-0.31863,4.3277,0.14552
7.8947,-0.32081,7.0407,-0.31852,4.3619,0.14556
7.928,-0.32088,7.074,-0.3186,4.3952,0.14546
7.9618,-0.3211,7.1078,-0.31884,4.429,0.14516
7.9954,-0.32107,7.1414,-0.31881,4.4626,0.14518
8.0294,-0.32068,7.1754,-0.31848,4.4966,0.1453
8.0634,-0.32083,7.2094,-0.3186,4.5306,0.14528
8.0967,-0.32112,7.2427,-0.31886,4.564,0.14513
8.1305,-0.32132,7.2765,-0.31904,4.5977,0.14501
8.1641,-0.32106,7.3101,-0.31879,4.6314,0.14525
8.1984,-0.32078,7.3444,-0.31854,4.6656,0.14539
8.2319,-0.32109,7.3779,-0.3188,4.6991,0.14527
8.2655,-0.32146,7.4115,-0.31915,4.7327,0.145
8.2991,-0.32139,7.4451,-0.31907,4.7664,0.14509
8.333,-0.32103,7.4791,-0.31873,4.8003,0.14541
8.367,-0.32091,7.513,-0.31861,4.8342,0.1455
8.4006,-0.32104,7.5466,-0.31876,4.8679,0.14531
8.4342,-0.32128,7.5802,-0.319,4.9014,0.14506
8.4679,-0.32115,7.6139,-0.31886,4.9351,0.14521
8.5019,-0.32067,7.6479,-0.31847,4.969,0.14536
8.5355,-0.32078,7.6815,-0.31854,5.0027,0.14541
8.5693,-0.32109,7.7153,-0.3188,5.0365,0.14528
8.6027,-0.32109,7.7488,-0.3188,5.07,0.14527
8.6368,-0.32087,7.7828,-0.31859,5.104,0.14547
8.6707,-0.32073,7.8167,-0.31845,5.1379,0.1456
8.7044,-0.32107,7.8504,-0.31873,5.1716,0.14552
8.738,-0.32134,7.884,-0.31899,5.2053,0.1453
8.7714,-0.32142,7.9174,-0.31902,5.2387,0.14542
8.8054,-0.32109,7.9514,-0.31869,5.2727,0.14575
8.8395,-0.32109,7.9855,-0.31864,5.3068,0.14593
8.8731,-0.32126,8.0191,-0.31879,5.3404,0.14584
8.9064,-0.32154,8.0524,-0.31905,5.3737,0.14565
8.9404,-0.32136,8.0864,-0.31887,5.4078,0.14583
8.9743,-0.32098,8.1203,-0.31854,5.4416,0.14601
9.0081,-0.3211,8.1541,-0.31863,5.4754,0.146
9.0418,-0.32141,8.1878,-0.31893,5.5091,0.14576
9.0753,-0.32139,8.2213,-0.31894,5.5427,0.14567
9.1091,-0.32112,8.2551,-0.31869,5.5764,0.14585
9.143,-0.32097,8.289,-0.31856,5.6103,0.14591
9.1766,-0.32121,8.3226,-0.31877,5.6439,0.1458
9.2105,-0.32139,8.3565,-0.31894,5.6778,0.14565
9.2439,-0.32125,8.3899,-0.3188,5.7112,0.14578
9.278,-0.32081,8.424,-0.31842,5.7453,0.14596
9.312,-0.32088,8.458,-0.31852,5.7793,0.14577
9.3455,-0.32124,8.4915,-0.3189,5.8128,0.14533
9.3793,-0.32153,8.5253,-0.31919,5.8465,0.14505
9.4128,-0.32119,8.5588,-0.31887,5.8801,0.1453
9.447,-0.32079,8.593,-0.31852,5.9142,0.14552
9.4806,-0.32108,8.6266,-0.31876,5.9479,0.14541
9.5142,-0.3214,8.6602,-0.31906,5.9815,0.14519
9.5475,-0.32131,8.6935,-0.31895,6.0148,0.14538
9.5816,-0.32094,8.7276,-0.31861,6.0488,0.1456
9.6159,-0.32098,8.7619,-0.31866,6.0832,0.14553
9.6492,-0.32122,8.7952,-0.3189,6.1165,0.14525
9.683,-0.32148,8.829,-0.31914,6.1502,0.1451
9.7168,-0.32122,8.8628,-0.31888,6.1841,0.14536
9.7509,-0.32071,8.8969,-0.31844,6.2181,0.14559
9.7843,-0.32074,8.9303,-0.31846,6.2515,0.14559
9.8182,-0.32105,8.9642,-0.31876,6.2854,0.14535
9.8518,-0.32115,8.9978,-0.31885,6.3191,0.14526
9.8856,-0.32085,9.0316,-0.31858,6.3528,0.14545
9.9197,-0.32062,9.0657,-0.31837,6.3869,0.14557
9.953,-0.32093,9.099,-0.31864,6.4202,0.14546
9.9868,-0.32123,9.1328,-0.31892,6.454,0.14523
10.02,-0.32122,9.1663,-0.31887,6.4876,0.14538
10.054,-0.32082,9.2004,-0.3185,6.5217,0.1457
10.088,-0.32081,9.2341,-0.31847,6.5554,0.14577
10.122,-0.32102,9.2678,-0.31868,6.589,0.14557
10.155,-0.32128,9.3013,-0.31893,6.6226,0.14533
10.189,-0.3211,9.3352,-0.31877,6.6564,0.14544
10.223,-0.32075,9.3694,-0.31849,6.6906,0.14549
10.257,-0.32102,9.4029,-0.31875,6.7241,0.14527
10.291,-0.3215,9.4366,-0.31921,6.7578,0.1449
10.324,-0.32151,9.4699,-0.31922,6.7912,0.14489
10.358,-0.3212,9.5038,-0.31891,6.8251,0.14518
10.392,-0.32109,9.5379,-0.31881,6.8592,0.14524
10.426,-0.32149,9.5716,-0.31918,6.8928,0.14497
10.459,-0.32181,9.6051,-0.31949,6.9264,0.1447
10.493,-0.32183,9.6389,-0.31949,6.9602,0.14476
10.527,-0.3214,9.6729,-0.3191,6.9941,0.14502
10.56,-0.32145,9.7064,-0.31913,7.0277,0.14506
10.594,-0.32173,9.7404,-0.31937,7.0617,0.14494
10.628,-0.32186,9.774,-0.31946,7.0953,0.14494
10.662,-0.32147,9.808,-0.31909,7.1292,0.1453
10.696,-0.32105,9.842,-0.31871,7.1633,0.14551
10.73,-0.32128,9.8756,-0.3189,7.1969,0.14547
10.763,-0.32148,9.9094,-0.31906,7.2307,0.14542
10.797,-0.32125,9.9429,-0.31887,7.2642,0.1455
10.831,-0.32086,9.9767,-0.31853,7.2979,0.14567
10.865,-0.32082,10.011,-0.31853,7.3321,0.14557
10.898,-0.32089,10.044,-0.31863,7.3654,0.14535
10.932,-0.32108,10.078,-0.31885,7.3991,0.14507
10.966,-0.3209,10.112,-0.31867,7.4328,0.1452
11,-0.32043,10.146,-0.31829,7.4669,0.14533
11.033,-0.32059,10.179,-0.31842,7.5005,0.14529
11.067,-0.32095,10.213,-0.31875,7.5341,0.14506
11.1,-0.32109,10.246,-0.31885,7.5677,0.14506
11.134,-0.32078,10.28,-0.31855,7.6013,0.14535
11.168,-0.32062,10.314,-0.3184,7.6354,0.14544
11.202,-0.32102,10.348,-0.31872,7.6691,0.14541
11.235,-0.32122,10.381,-0.3189,7.7026,0.14529
11.269,-0.3212,10.415,-0.31886,7.7363,0.14539
11.303,-0.32081,10.449,-0.31851,7.7704,0.14561
11.337,-0.32091,10.483,-0.3186,7.8041,0.14554
11.371,-0.32119,10.517,-0.31889,7.8379,0.14522
11.404,-0.32149,10.55,-0.31918,7.8714,0.14496
11.438,-0.32133,10.584,-0.31902,7.9053,0.14512
11.472,-0.32089,10.618,-0.31865,7.9392,0.14531
11.506,-0.32109,10.652,-0.31883,7.9729,0.14519
11.54,-0.32159,10.686,-0.3193,8.0067,0.1448
11.573,-0.32169,10.719,-0.3194,8.0402,0.14472
11.607,-0.32138,10.753,-0.31908,8.0739,0.14501
11.641,-0.32124,10.787,-0.31896,8.108,0.14512
11.675,-0.32163,10.821,-0.31931,8.1419,0.14488
11.708,-0.32198,10.854,-0.31964,8.1754,0.14463
11.742,-0.32205,10.888,-0.31966,8.2093,0.14472
11.776,-0.32158,10.922,-0.31922,8.2433,0.14512
11.81,-0.32159,10.956,-0.3192,8.2769,0.14522
11.843,-0.32189,10.989,-0.31947,8.3107,0.14503
11.877,-0.32211,11.023,-0.31967,8.3444,0.14491
11.911,-0.32179,11.057,-0.31937,8.3783,0.14512
11.945,-0.32141,11.091,-0.31905,8.4123,0.14525
11.979,-0.32169,11.125,-0.3193,8.4459,0.14508
12.012,-0.32203,11.158,-0.31963,8.4797,0.1448
12.046,-0.32191,11.192,-0.31954,8.5133,0.1448
12.08,-0.32152,11.226,-0.3192,8.5471,0.14496
12.114,-0.32146,11.26,-0.31915,8.581,0.14497
12.147,-0.32156,11.293,-0.31925,8.6145,0.14491
12.181,-0.32164,11.327,-0.31932,8.6482,0.14485
12.215,-0.32142,11.361,-0.31911,8.6818,0.14503
12.249,-0.32094,11.395,-0.3187,8.7159,0.14521
12.282,-0.32103,11.428,-0.31879,8.7495,0.14516
12.316,-0.32137,11.462,-0.31909,8.783,0.14499
12.349,-0.32141,11.495,-0.3191,8.8163,0.14507
12.383,-0.32101,11.529,-0.31872,8.8501,0.14535
12.417,-0.3208,11.563,-0.31855,8.8843,0.14539
12.451,-0.3212,11.597,-0.31891,8.9179,0.14516
12.484,-0.32149,11.63,-0.31919,8.9514,0.14491
12.518,-0.32141,11.664,-0.31912,8.985,0.14498
12.552,-0.321,11.698,-0.31874,9.0191,0.14523
12.586,-0.32092,11.732,-0.31866,9.0527,0.14532
12.619,-0.32106,11.765,-0.31883,9.0865,0.14506
12.653,-0.32136,11.799,-0.31913,9.1201,0.14477
12.687,-0.3212,11.833,-0.31899,9.1539,0.14485
12.721,-0.32081,11.867,-0.31865,9.188,0.14504
12.754,-0.32098,11.9,-0.31879,9.2215,0.14497
12.788,-0.32142,11.934,-0.31919,9.2549,0.1447
12.822,-0.32148,11.968,-0.31924,9.2889,0.14469
12.855,-0.32113,12.001,-0.31889,9.3223,0.14507
12.889,-0.32089,12.035,-0.31864,9.3566,0.14531
12.923,-0.32105,12.069,-0.31877,9.3899,0.14529
12.957,-0.32132,12.103,-0.31905,9.4238,0.14496
12.99,-0.32135,12.136,-0.31906,9.4573,0.145
13.024,-0.32095,12.17,-0.31871,9.4914,0.14522
13.058,-0.32105,12.204,-0.31878,9.5251,0.14522
13.092,-0.32135,12.238,-0.31907,9.5589,0.14497
13.125,-0.32158,12.271,-0.31927,9.5925,0.14487
13.159,-0.32129,12.305,-0.31899,9.6263,0.14515
13.193,-0.32093,12.339,-0.31865,9.6604,0.1454
13.227,-0.32123,12.373,-0.3189,9.6938,0.1453
13.26,-0.32166,12.406,-0.31928,9.7276,0.14507
13.294,-0.32161,12.44,-0.31923,9.7611,0.14514
13.328,-0.32129,12.474,-0.31892,9.7953,0.14539
13.362,-0.32128,12.508,-0.31892,9.829,0.14538
13.395,-0.32148,12.541,-0.3191,9.8625,0.14527
13.429,-0.32166,12.575,-0.31928,9.8964,0.14508
13.463,-0.32151,12.609,-0.31913,9.9299,0.14525
13.497,-0.32098,12.643,-0.31866,9.9639,0.14551
13.53,-0.32094,12.676,-0.31863,9.9976,0.14554
13.564,-0.3212,12.71,-0.3189,10.031,0.14522
13.598,-0.3213,12.744,-0.3191,10.065,0.14469
13.632,-0.32091,12.778,-0.31896,10.099,0.14406
13.666,-0.32049,12.812,-0.31886,10.133,0.14316
13.7,-0.32028,12.846,-0.31886,10.166,0.14249
13.733,-0.31991,12.879,-0.31862,10.2,0.14231
13.766,-0.31956,12.912,-0.31826,10.233,0.1427
13.8,-0.31937,12.946,-0.31798,10.267,0.14328
13.834,-0.31995,12.98,-0.31836,10.3,0.14354
13.867,-0.32054,13.013,-0.31877,10.334,0.14367
13.9,-0.32116,13.046,-0.31919,10.367,0.14391
13.933,-0.32121,13.079,-0.31905,10.401,0.14466
13.968,-0.32097,13.114,-0.31868,10.435,0.14538
14.001,-0.32124,13.147,-0.31878,10.469,0.14582
14.035,-0.32173,13.181,-0.31914,10.502,0.1459
14.068,-0.32178,13.214,-0.31914,10.536,0.14603
14.102,-0.3214,13.248,-0.31879,10.57,0.14633
14.137,-0.32117,13.283,-0.31863,10.604,0.14627
14.17,-0.32132,13.316,-0.31882,10.637,0.14591
14.204,-0.32155,13.35,-0.31915,10.671,0.14525
14.237,-0.3214,13.383,-0.31909,10.704,0.14506
14.271,-0.3208,13.417,-0.31863,10.738,0.14506
14.304,-0.32066,13.45,-0.31857,10.772,0.1449
14.338,-0.32075,13.484,-0.31874,10.805,0.14449
14.371,-0.3209,13.517,-0.31894,10.838,0.14413
14.404,-0.32059,13.55,-0.31867,10.871,0.14423
14.438,-0.32014,13.584,-0.31829,10.905,0.14441
14.471,-0.3203,13.617,-0.31841,10.938,0.1444
14.504,-0.32056,13.65,-0.31866,10.971,0.14418
14.537,-0.32048,13.683,-0.31859,11.004,0.14424
14.57,-0.32004,13.716,-0.31818,11.037,0.14458
14.604,-0.32001,13.75,-0.31815,11.071,0.1446
14.637,-0.32039,13.783,-0.31852,11.104,0.14428
14.67,-0.32078,13.816,-0.31889,11.137,0.14395
14.704,-0.32071,13.85,-0.3188,11.171,0.14409
14.737,-0.32023,13.883,-0.31836,11.204,0.14438
14.77,-0.3204,13.916,-0.31848,11.237,0.14443
14.804,-0.32079,13.95,-0.31882,11.271,0.14426
14.837,-0.32094,13.983,-0.31892,11.304,0.14432
14.871,-0.32046,14.017,-0.31846,11.338,0.14475
14.904,-0.32009,14.05,-0.31813,11.371,0.14491
14.937,-0.32039,14.083,-0.31841,11.404,0.14469
14.971,-0.32066,14.117,-0.3187,11.438,0.14435
15.004,-0.32056,14.15,-0.31863,11.471,0.14433
15.038,-0.32011,14.184,-0.31826,11.504,0.14444
15.071,-0.32011,14.217,-0.3183,11.538,0.14431
15.104,-0.32033,14.25,-0.31851,11.571,0.14408
15.137,-0.32044,14.283,-0.31861,11.604,0.14404
15.17,-0.32002,14.316,-0.31822,11.637,0.14434
15.204,-0.31957,14.35,-0.31784,11.671,0.14449
15.237,-0.31969,14.383,-0.31798,11.704,0.14428
15.27,-0.32015,14.416,-0.31843,11.736,0.14385
15.303,-0.32012,14.449,-0.31844,11.77,0.14376
15.336,-0.31967,14.482,-0.31804,11.803,0.14398
15.369,-0.31947,14.515,-0.31789,11.836,0.14395
15.402,-0.31989,14.548,-0.31827,11.869,0.14372
15.435,-0.32018,14.581,-0.31854,11.902,0.14348
15.468,-0.32005,14.614,-0.31842,11.935,0.14359
15.501,-0.31956,14.647,-0.31797,11.968,0.14393
15.535,-0.31944,14.681,-0.31784,12.002,0.14407
15.567,-0.31965,14.713,-0.31804,12.034,0.14389
15.601,-0.31986,14.747,-0.31826,12.067,0.14367
15.633,-0.31946,14.779,-0.3179,12.1,0.14391
15.667,-0.31906,14.813,-0.31756,12.134,0.14406
15.7,-0.31929,14.846,-0.31774,12.167,0.14403
15.733,-0.31964,14.879,-0.31805,12.2,0.14386
15.765,-0.31943,14.911,-0.31785,12.232,0.14401
15.799,-0.31898,14.945,-0.31745,12.265,0.14423
15.832,-0.31911,14.978,-0.31759,12.299,0.14408
15.865,-0.31951,15.011,-0.31795,12.332,0.14387
15.898,-0.31984,15.044,-0.31824,12.364,0.14368
15.93,-0.31964,15.077,-0.31804,12.397,0.14387
15.964,-0.31916,15.11,-0.31764,12.43,0.14404
15.997,-0.31938,15.143,-0.31786,12.464,0.14383
16.03,-0.31986,15.176,-0.31829,12.496,0.14355
16.062,-0.31998,15.208,-0.31841,12.529,0.14342
16.095,-0.31945,15.241,-0.31795,12.562,0.14366
16.129,-0.31905,15.275,-0.31761,12.595,0.14381
16.161,-0.31928,15.307,-0.31781,12.628,0.14368
16.194,-0.3195,15.34,-0.31805,12.661,0.14342
16.227,-0.31925,15.373,-0.31783,12.694,0.1435
16.26,-0.31859,15.406,-0.31726,12.727,0.14381
16.293,-0.31847,15.439,-0.31718,12.76,0.14376
16.325,-0.31871,15.471,-0.31742,12.792,0.14351
16.358,-0.31895,15.504,-0.31768,12.825,0.1432
16.391,-0.31861,15.537,-0.31741,12.858,0.14326
16.424,-0.31818,15.57,-0.31707,12.891,0.14332
16.457,-0.3184,15.603,-0.31727,12.923,0.14315
16.489,-0.31888,15.635,-0.31771,12.956,0.14286
16.522,-0.31884,15.668,-0.31765,12.989,0.14298
16.555,-0.31825,15.701,-0.31708,13.021,0.14349
16.588,-0.31795,15.734,-0.31681,13.054,0.14367
16.62,-0.31831,15.766,-0.31716,13.087,0.14337
16.653,-0.31873,15.799,-0.31758,13.12,0.14293
16.685,-0.31862,15.831,-0.3175,13.152,0.1429
16.718,-0.31804,15.864,-0.31699,13.185,0.1432
16.751,-0.31805,15.897,-0.317,13.218,0.14318
16.784,-0.31838,15.93,-0.31734,13.25,0.14284
16.816,-0.31868,15.962,-0.31764,13.283,0.14254
16.849,-0.31832,15.995,-0.31732,13.315,0.14275
16.882,-0.31792,16.028,-0.31696,13.348,0.14296
16.914,-0.31813,16.06,-0.31711,13.381,0.14302
16.947,-0.31854,16.093,-0.31747,13.413,0.14279
16.979,-0.31847,16.125,-0.31742,13.446,0.14278
17.012,-0.31797,16.158,-0.31696,13.478,0.14313
17.045,-0.31783,16.191,-0.31684,13.511,0.14317
17.077,-0.3182,16.223,-0.3172,13.544,0.14284
17.11,-0.31864,16.256,-0.31764,13.576,0.14239
17.142,-0.3185,16.288,-0.31752,13.609,0.14246
17.175,-0.31787,16.321,-0.31696,13.641,0.14282
17.207,-0.31796,16.353,-0.31704,13.674,0.14274
17.24,-0.31845,16.386,-0.31751,13.706,0.14236
17.272,-0.31875,16.418,-0.31781,13.739,0.14205
17.305,-0.31825,16.451,-0.31737,13.771,0.14231
17.338,-0.31787,16.484,-0.31705,13.804,0.14239
17.37,-0.31825,16.516,-0.31739,13.836,0.1422
17.402,-0.31874,16.548,-0.31786,13.869,0.14182
17.434,-0.31859,16.58,-0.31775,13.901,0.14181
17.467,-0.31806,16.613,-0.31726,13.933,0.14215
17.5,-0.31801,16.646,-0.31722,13.966,0.14214
17.532,-0.31838,16.678,-0.31758,13.998,0.14183
17.564,-0.31879,16.71,-0.31799,14.031,0.14143
17.597,-0.31852,16.743,-0.31774,14.063,0.14159
17.629,-0.31788,16.775,-0.31717,14.095,0.14196
17.661,-0.31794,16.807,-0.31721,14.128,0.142
17.694,-0.31845,16.84,-0.31766,14.16,0.14173
17.726,-0.31858,16.872,-0.31781,14.192,0.14153
17.758,-0.31809,16.904,-0.31737,14.225,0.14181
17.791,-0.31779,16.937,-0.31709,14.257,0.14199
17.823,-0.31815,16.969,-0.31741,14.289,0.14183
17.855,-0.31856,17.001,-0.31778,14.321,0.14159
17.887,-0.31829,17.033,-0.31754,14.354,0.14171
17.92,-0.3176,17.066,-0.31693,14.386,0.14208
17.952,-0.31754,17.098,-0.31688,14.418,0.14211
17.984,-0.31782,17.13,-0.31715,14.45,0.14186
18.016,-0.31811,17.162,-0.31746,14.482,0.1415
18.048,-0.31755,17.194,-0.31701,14.515,0.14159
18.081,-0.31696,17.227,-0.31653,14.547,0.1417
18.113,-0.3171,17.259,-0.3167,14.579,0.14147
18.145,-0.31764,17.291,-0.31723,14.611,0.14098
18.177,-0.31759,17.323,-0.31723,14.643,0.14079
18.209,-0.31696,17.355,-0.3167,14.675,0.14098
18.241,-0.31674,17.387,-0.31652,14.708,0.14105
18.273,-0.31714,17.419,-0.31687,14.739,0.14087
18.305,-0.31755,17.451,-0.31724,14.771,0.14065
18.337,-0.31725,17.483,-0.31696,14.803,0.14086
18.369,-0.31658,17.515,-0.31635,14.835,0.14129
18.401,-0.31671,17.547,-0.31645,14.867,0.14127
18.433,-0.31728,17.579,-0.31694,14.899,0.14102
18.465,-0.31771,17.611,-0.31733,14.931,0.14075
18.497,-0.31718,17.643,-0.31687,14.963,0.14101
18.529,-0.3167,17.675,-0.31645,14.996,0.14125
18.561,-0.31703,17.707,-0.31671,15.027,0.14118
18.593,-0.31765,17.739,-0.31726,15.059,0.14085
18.625,-0.31757,17.771,-0.31723,15.091,0.14076
18.657,-0.3169,17.803,-0.31665,15.123,0.14105
18.689,-0.31677,17.835,-0.31654,15.156,0.14106
18.721,-0.3172,17.867,-0.31693,15.187,0.14084
18.753,-0.31773,17.899,-0.31742,15.219,0.14045
18.785,-0.31746,17.931,-0.31721,15.251,0.14046
18.817,-0.31679,17.963,-0.31662,15.283,0.14081
18.849,-0.31686,17.995,-0.31667,15.315,0.14082
18.881,-0.31739,18.027,-0.31713,15.347,0.14062
18.913,-0.31756,18.059,-0.31731,15.379,0.14037
18.944,-0.31689,18.09,-0.31675,15.41,0.14061
18.976,-0.31638,18.122,-0.31631,15.442,0.14081
19.008,-0.31675,18.154,-0.31666,15.474,0.14052
19.04,-0.31733,18.186,-0.31719,15.506,0.14012
19.071,-0.3171,18.217,-0.317,15.537,0.14019
19.103,-0.31613,18.249,-0.31616,15.569,0.14067
19.135,-0.31594,18.281,-0.316,15.601,0.1407
19.167,-0.31627,18.313,-0.31629,15.632,0.14052
19.198,-0.31668,18.344,-0.3167,15.664,0.14015
19.23,-0.31625,18.376,-0.31636,15.696,0.14019
19.262,-0.31558,18.408,-0.31577,15.728,0.14052
19.294,-0.3156,18.44,-0.31579,15.76,0.1405
19.325,-0.31621,18.471,-0.31636,15.791,0.14005
19.356,-0.3165,18.502,-0.31668,15.822,0.13968
19.388,-0.31601,18.534,-0.31624,15.854,0.13992
19.42,-0.31568,18.566,-0.31594,15.886,0.14013
19.451,-0.31614,18.597,-0.31628,15.917,0.14017
19.483,-0.31671,18.629,-0.31676,15.949,0.13998
19.514,-0.31658,18.66,-0.31662,15.98,0.14016
19.546,-0.31597,18.692,-0.31605,16.012,0.14058
19.578,-0.31614,18.724,-0.31617,16.044,0.14065
19.609,-0.3168,18.755,-0.3167,16.075,0.14049
19.641,-0.31731,18.787,-0.31716,16.107,0.14023
19.672,-0.31674,18.818,-0.31667,16.138,0.14047
19.704,-0.31608,18.85,-0.3161,16.17,0.14074
19.735,-0.3163,18.881,-0.3163,16.201,0.14062
19.767,-0.31694,18.913,-0.31686,16.233,0.14029
19.798,-0.31686,18.944,-0.31686,16.264,0.14007
19.83,-0.31601,18.976,-0.31615,16.296,0.14032
19.862,-0.31557,19.008,-0.31578,16.328,0.14043
19.893,-0.31585,19.039,-0.31606,16.359,0.14017
19.924,-0.31643,19.07,-0.31663,16.39,0.13962
19.956,-0.31613,19.102,-0.31645,16.422,0.13943
19.987,-0.31537,19.133,-0.3158,16.453,0.13976
20.019,-0.31532,19.165,-0.31574,16.484,0.13985
20.05,-0.31586,19.196,-0.31621,16.516,0.13961
20.081,-0.3164,19.227,-0.31672,16.547,0.13916
20.112,-0.31588,19.258,-0.31629,16.578,0.13934
20.144,-0.31545,19.29,-0.31589,16.61,0.13965
20.175,-0.31594,19.321,-0.31628,16.641,0.13956
20.206,-0.31673,19.352,-0.31693,16.672,0.13932
20.237,-0.31668,19.383,-0.31688,16.703,0.13942
20.268,-0.31586,19.414,-0.31612,16.734,0.13994
20.3,-0.31563,19.446,-0.31591,16.766,0.14009
20.331,-0.31603,19.477,-0.31625,16.797,0.13999
20.362,-0.31662,19.508,-0.3168,16.828,0.13955
20.393,-0.31617,19.539,-0.31646,16.859,0.13956
20.424,-0.3153,19.57,-0.31572,16.89,0.13987
20.456,-0.31524,19.602,-0.31569,16.921,0.13979
20.487,-0.31587,19.633,-0.31627,16.952,0.13939
20.518,-0.31628,19.664,-0.31667,16.983,0.13898
20.549,-0.31547,19.695,-0.31602,17.015,0.13915
20.58,-0.31492,19.726,-0.31557,17.046,0.1393
20.611,-0.31535,19.757,-0.31594,17.077,0.13908
20.642,-0.31609,19.788,-0.31661,17.108,0.13867
20.673,-0.31603,19.819,-0.3166,17.138,0.1385
20.704,-0.31519,19.85,-0.31587,17.169,0.13889
20.735,-0.31498,19.881,-0.31567,17.2,0.13905
20.765,-0.31539,19.911,-0.31599,17.231,0.13901
20.796,-0.316,19.942,-0.31651,17.262,0.1388
20.827,-0.31546,19.973,-0.31606,17.293,0.13895
20.859,-0.31473,20.005,-0.31541,17.324,0.13936
20.889,-0.31495,20.035,-0.31557,17.355,0.13938
20.92,-0.3158,20.066,-0.31628,17.386,0.13913
20.951,-0.31618,20.097,-0.31664,17.417,0.13882
20.982,-0.31546,20.128,-0.316,17.447,0.1392
21.013,-0.31492,20.159,-0.3155,17.478,0.13956
21.043,-0.31522,20.189,-0.31575,17.509,0.13948
21.074,-0.316,20.22,-0.31647,17.54,0.13895
21.105,-0.31599,20.251,-0.31654,17.57,0.13864
21.135,-0.31516,20.281,-0.31582,17.601,0.13899
21.167,-0.31494,20.313,-0.31563,17.632,0.13911
21.197,-0.31531,20.343,-0.31592,17.663,0.13909
21.228,-0.31573,20.374,-0.31629,17.693,0.13882
21.258,-0.31505,20.404,-0.31578,17.724,0.13885
21.289,-0.31429,20.435,-0.31514,17.755,0.13911
21.32,-0.3144,20.466,-0.31522,17.785,0.13913
21.35,-0.31508,20.496,-0.31583,17.816,0.13871
21.381,-0.31534,20.527,-0.31615,17.846,0.13819
21.411,-0.3147,20.557,-0.31564,17.877,0.13831
21.442,-0.31433,20.588,-0.31531,17.907,0.13852
21.472,-0.31468,20.618,-0.3156,17.938,0.1384
21.503,-0.31545,20.649,-0.3163,17.968,0.13792
21.533,-0.31532,20.679,-0.31623,17.999,0.13781
21.564,-0.31451,20.71,-0.31551,18.029,0.13824
21.594,-0.31438,20.74,-0.31535,18.06,0.13849
21.624,-0.31497,20.77,-0.31583,18.09,0.13838
21.655,-0.3156,20.801,-0.31641,18.12,0.13794
21.685,-0.31505,20.831,-0.31596,18.15,0.13806
21.716,-0.31442,20.862,-0.3154,18.181,0.13843
21.746,-0.31474,20.892,-0.31562,18.212,0.13852
21.776,-0.31549,20.922,-0.31622,18.241,0.13837
21.806,-0.31558,20.952,-0.31634,18.272,0.13816
21.837,-0.31484,20.983,-0.31571,18.302,0.13844
21.867,-0.31463,21.013,-0.31551,18.333,0.13865
21.897,-0.31498,21.043,-0.31575,18.363,0.13875
21.927,-0.31568,21.073,-0.31636,18.393,0.13839
21.957,-0.31539,21.103,-0.3162,18.423,0.13816
21.988,-0.31457,21.134,-0.31551,18.453,0.13844
22.018,-0.31453,21.164,-0.31544,18.484,0.13859
22.048,-0.31516,21.194,-0.31598,18.514,0.13835
22.078,-0.31562,21.224,-0.31647,18.544,0.13775
22.108,-0.31494,21.254,-0.31597,18.574,0.13768
22.139,-0.31426,21.285,-0.31541,18.604,0.13788
22.169,-0.31445,21.315,-0.31557,18.634,0.13783
22.198,-0.31501,21.344,-0.31605,18.664,0.13759
22.228,-0.3148,21.374,-0.31591,18.694,0.13748
22.259,-0.31378,21.405,-0.31508,18.724,0.13776
22.289,-0.31356,21.435,-0.31487,18.754,0.1379
22.318,-0.31398,21.464,-0.3152,18.784,0.13788
22.348,-0.31473,21.494,-0.31587,18.814,0.13745
22.378,-0.31431,21.524,-0.31557,18.843,0.13737
22.408,-0.31349,21.554,-0.31485,18.873,0.13776
22.438,-0.31346,21.584,-0.31475,18.903,0.13808
22.468,-0.31416,21.614,-0.31533,18.933,0.13791
22.497,-0.31456,21.643,-0.31574,18.962,0.13745
22.527,-0.31402,21.673,-0.31534,18.992,0.13744
22.557,-0.31362,21.703,-0.31494,19.022,0.13779
22.587,-0.31406,21.733,-0.31525,19.052,0.13789
22.616,-0.31486,21.762,-0.31594,19.081,0.13759
22.646,-0.31492,21.792,-0.31605,19.111,0.13731
22.675,-0.3142,21.821,-0.31543,19.141,0.13764
22.705,-0.31399,21.851,-0.31518,19.17,0.13799
22.735,-0.31451,21.881,-0.31556,19.2,0.13804
22.764,-0.31518,21.91,-0.31616,19.229,0.13765
22.794,-0.31471,21.94,-0.31585,19.259,0.13749
22.823,-0.31401,21.969,-0.31522,19.289,0.13787
22.853,-0.314,21.999,-0.31516,19.318,0.13809
22.882,-0.31469,22.028,-0.31577,19.347,0.13776
22.912,-0.315,22.058,-0.31622,19.377,0.13683
22.941,-0.31445,22.087,-0.31608,19.406,0.1357
22.971,-0.31394,22.117,-0.31598,19.436,0.13451
23,-0.31342,22.146,-0.31577,19.465,0.13377
23.029,-0.31335,22.175,-0.31585,19.494,0.13323
23.058,-0.31256,22.204,-0.31523,19.523,0.13329
23.087,-0.31152,22.233,-0.31418,19.551,0.13435
23.115,-0.31179,22.261,-0.3142,19.58,0.13514
23.144,-0.31316,22.29,-0.31522,19.609,0.13524
23.172,-0.31439,22.318,-0.31614,19.637,0.13527
23.201,-0.31413,22.347,-0.31583,19.666,0.13573
23.23,-0.31385,22.376,-0.3154,19.695,0.13664
23.259,-0.31436,22.405,-0.31558,19.724,0.13748
23.287,-0.31535,22.433,-0.31622,19.753,0.13796
23.316,-0.31579,22.462,-0.31651,19.782,0.13812
23.345,-0.31529,22.491,-0.31606,19.811,0.13841
23.374,-0.31504,22.52,-0.31578,19.84,0.1388
23.403,-0.31533,22.549,-0.31594,19.869,0.13904
23.432,-0.31586,22.578,-0.31642,19.898,0.13874
23.461,-0.31532,22.607,-0.31612,19.927,0.13827
23.49,-0.31434,22.636,-0.31542,19.955,0.1381
23.519,-0.31397,22.665,-0.31516,19.984,0.13798
23.547,-0.31427,22.693,-0.31548,20.013,0.13763
23.576,-0.31446,22.722,-0.3158,20.041,0.13692
23.604,-0.31356,22.75,-0.31521,20.07,0.13651
23.633,-0.3127,22.779,-0.31456,20.098,0.1365
23.662,-0.31277,22.808,-0.31464,20.127,0.13637
23.69,-0.3134,22.836,-0.31521,20.155,0.136
23.718,-0.31359,22.864,-0.31548,20.183,0.13551
23.747,-0.31283,22.893,-0.31486,20.212,0.13565
23.775,-0.31251,22.921,-0.31453,20.24,0.13605
23.803,-0.31284,22.949,-0.31472,20.268,0.13628
23.831,-0.31371,22.977,-0.31544,20.296,0.13604
23.859,-0.31349,23.005,-0.31531,20.324,0.13589
23.888,-0.31296,23.034,-0.31484,20.353,0.13615
23.916,-0.31305,23.062,-0.31483,20.381,0.13649
23.944,-0.31375,23.09,-0.31532,20.409,0.13665
23.972,-0.31405,23.118,-0.31558,20.437,0.13651
24,-0.31346,23.146,-0.31516,20.465,0.13641
24.028,-0.31301,23.174,-0.31475,20.493,0.13671
24.056,-0.31317,23.202,-0.31483,20.522,0.13686
24.084,-0.31387,23.23,-0.31541,20.549,0.13666
24.112,-0.31384,23.258,-0.31548,20.577,0.13626
24.14,-0.313,23.286,-0.31485,20.605,0.13622
24.168,-0.3126,23.314,-0.31452,20.633,0.13635
24.196,-0.31291,23.342,-0.31475,20.661,0.13641
24.223,-0.31345,23.369,-0.31523,20.689,0.13609
24.251,-0.31286,23.397,-0.31483,20.716,0.13588
24.279,-0.31206,23.425,-0.31418,20.744,0.13606
24.307,-0.31207,23.453,-0.31416,20.772,0.13616
24.334,-0.31282,23.48,-0.31476,20.799,0.13606
24.362,-0.31312,23.508,-0.31508,20.827,0.13568
24.389,-0.3126,23.535,-0.31475,20.854,0.13541
24.417,-0.3123,23.563,-0.31448,20.882,0.13559
24.445,-0.31242,23.591,-0.31451,20.909,0.13581
24.471,-0.31316,23.617,-0.3151,20.936,0.13571
24.499,-0.31298,23.645,-0.31502,20.964,0.13549
24.527,-0.31222,23.673,-0.31442,20.992,0.1356
24.554,-0.31209,23.7,-0.31424,21.019,0.13589
24.581,-0.31262,23.727,-0.31462,21.046,0.13601
24.609,-0.31335,23.755,-0.31525,21.074,0.1357
24.636,-0.31302,23.782,-0.31505,21.101,0.13549
24.664,-0.31232,23.81,-0.31441,21.129,0.13593
24.691,-0.31238,23.837,-0.3144,21.156,0.13617
24.718,-0.31307,23.864,-0.31493,21.183,0.13615
24.745,-0.31332,23.891,-0.3152,21.21,0.13581
24.772,-0.31274,23.918,-0.31477,21.237,0.13575
24.8,-0.31235,23.946,-0.3144,21.264,0.13605
24.827,-0.3125,23.973,-0.31443,21.292,0.13639
24.853,-0.31304,23.999,-0.31485,21.318,0.1364
24.88,-0.31244,24.026,-0.31445,21.345,0.13614
24.907,-0.31169,24.053,-0.3139,21.372,0.13606
24.935,-0.31167,24.081,-0.3139,21.4,0.13598
24.961,-0.31238,24.107,-0.3145,21.426,0.13577
24.988,-0.31295,24.134,-0.31504,21.453,0.13531
25.015,-0.31257,24.161,-0.3148,21.48,0.1351
25.042,-0.31183,24.188,-0.31413,21.507,0.13553
25.069,-0.31179,24.215,-0.31403,21.534,0.13583
25.096,-0.31251,24.242,-0.31462,21.56,0.13563
25.122,-0.31295,24.268,-0.31505,21.587,0.13526
25.149,-0.31258,24.295,-0.31477,21.614,0.13525
25.176,-0.31233,24.322,-0.31452,21.641,0.13551
25.203,-0.31268,24.349,-0.31473,21.667,0.13572
25.229,-0.31322,24.375,-0.31516,21.694,0.13566
25.256,-0.31273,24.402,-0.31483,21.721,0.13548
25.283,-0.31202,24.429,-0.31428,21.747,0.13554
25.31,-0.31193,24.456,-0.31421,21.774,0.13554
25.335,-0.31264,24.481,-0.31477,21.8,0.13545
25.362,-0.31271,24.508,-0.31488,21.827,0.13522
25.389,-0.31208,24.535,-0.31446,21.853,0.13496
25.415,-0.31177,24.561,-0.3142,21.88,0.13507
25.441,-0.31179,24.587,-0.31416,21.906,0.13531
25.467,-0.31232,24.613,-0.3146,21.932,0.13513
25.493,-0.31257,24.639,-0.31487,21.958,0.13479
25.52,-0.31226,24.666,-0.31463,21.985,0.13481
25.547,-0.31204,24.693,-0.3144,22.012,0.13512
25.573,-0.3122,24.719,-0.31447,22.038,0.1353
25.6,-0.3124,24.746,-0.31464,22.064,0.13521
25.627,-0.31183,24.773,-0.31429,22.091,0.13489
25.653,-0.31135,24.799,-0.31397,22.118,0.13471
25.68,-0.31165,24.826,-0.31422,22.144,0.13462
25.705,-0.31234,24.851,-0.3147,22.17,0.13478
25.732,-0.31207,24.878,-0.31451,22.197,0.13472
25.758,-0.31143,24.904,-0.31408,22.223,0.13453
25.784,-0.31124,24.93,-0.31389,22.249,0.13468
