0.0041836
0.045847
0.08753
0.12921
0.17086
0.21253
0.25419
0.29592
0.33752
0.37919
0.42085
0.46253
0.50419
0.54588
0.58753
0.62918
0.67084
0.71253
0.75418
0.79584
0.83753
0.87918
0.92087
0.96254
1.0042
1.0459
1.0875
1.1292
1.1709
1.2126
1.2542
1.2959
1.3375
1.3792
1.4209
1.4625
1.5042
1.5458
1.5875
1.6292
1.6709
1.7126
1.7542
1.7959
1.8375
1.8792
1.9209
1.9625
2.0042
2.0459
2.0875
2.1292
2.1708
2.2125
2.2542
2.2958
2.3376
2.3792
2.4209
2.4625
2.5042
2.5458
2.5875
2.6292
2.6709
2.7125
2.7542
2.7959
2.8375
2.8792
2.9209
2.9625
3.0042
3.0459
3.0875
3.1292
3.1708
3.2126
3.2542
3.2959
3.3375
3.3792
3.4209
3.4625
3.5042
3.5459
3.5875
3.6292
3.6709
3.7125
3.7542
3.7958
3.8375
3.8792
3.9209
3.9625
4.0042
4.0458
4.0875
4.1292
4.1708
4.2125
4.2542
4.2959
4.3375
4.3792
4.4209
4.4625
4.5042
4.5459
4.5875
4.6292
4.6708
4.7125
4.7542
4.7959
4.8375
4.8792
4.9208
4.9625
5.0042
5.0459
5.0875
5.1292
5.1709
5.2126
5.2542
5.2958
5.3375
5.3792
5.4209
5.4625
5.5042
5.5458
5.5875
5.6292
5.6709
5.7125
5.7542
5.7958
5.8375
5.8792
5.9208
5.9625
6.0042
6.0458
6.0875
6.1292
6.1709
6.2126
6.2542
6.2958
6.3375
6.3792
6.4209
6.4625
6.5042
6.5459
6.5876
6.6292
6.6708
6.7125
6.7542
6.7959
6.8376
6.8792
6.9208
6.9625
7.0042
7.0459
7.0875
7.1292
7.1708
7.2125
7.2542
7.2959
7.3375
7.3792
7.4209
7.4625
7.5042
7.5459
7.5876
7.6292
7.6708
7.7125
7.7542
7.7958
7.8375
7.8792
7.9208
7.9626
8.0042
8.0459
8.0875
8.1292
8.1709
8.2125
8.2542
8.2958
8.3376
8.3792
8.4209
8.4625
8.5042
8.5459
8.5875
8.6292
8.6709
8.7125
8.7542
8.7959
8.8375
8.8792
8.9208
8.9625
9.0042
9.0459
9.0875
9.1292
9.1709
9.2125
9.2542
9.2958
9.3375
9.3792
9.4208
9.4626
9.5042
9.5459
9.5875
9.6292
9.6709
9.7125
9.7542
9.7959
9.8375
9.8792
9.9209
9.9625
10.004
10.046
10.088
10.129
10.171
10.213
10.254
10.296
10.338
10.379
10.421
10.463
10.504
10.546
10.588
10.629
10.671
10.713
10.754
10.796
10.838
10.879
10.921
10.963
11.004
11.046
11.088
11.129
11.171
11.213
11.254
11.296
11.338
11.379
11.421
11.463
11.504
11.546
11.588
11.629
11.671
11.713
11.754
11.796
11.838
11.879
11.921
11.963
12.004
12.046
12.088
12.129
12.171
12.213
12.254
12.296
12.338
12.379
12.421
12.463
12.504
12.546
12.588
12.629
12.671
12.713
12.754
12.796
12.838
12.879
12.921
12.963
13.004
13.046
13.088
13.129
13.171
13.213
13.254
13.296
13.338
13.379
13.421
13.463
13.504
13.546
13.588
13.629
13.671
13.713
13.754
13.796
13.838
13.879
13.921
13.963
14.004
14.046
14.088
14.129
14.171
14.213
14.254
14.296
14.338
14.379
14.421
14.463
14.504
14.546
14.588
14.629
14.671
14.713
14.754
14.796
14.838
14.879
14.921
14.963
15.004
15.046
15.088
15.129
15.171
15.213
15.254
15.296
15.338
15.379
15.421
15.463
15.504
15.546
15.588
15.629
15.671
15.713
15.754
15.796
15.838
15.879
15.921
15.963
16.004
16.046
16.088
16.129
16.171
16.213
16.254
16.296
16.338
16.379
16.421
16.463
16.504
16.546
16.588
16.629
16.671
16.713
16.754
16.796
16.838
16.879
16.921
16.963
17.004
17.046
17.088
17.129
17.171
17.213
17.254
17.296
17.338
17.379
17.421
17.463
17.504
17.546
17.588
17.629
17.671
17.713
17.754
17.796
17.838
17.879
17.921
17.963
18.004
18.046
18.088
18.129
18.171
18.213
18.254
18.296
18.338
18.379
18.421
18.463
18.504
18.546
18.588
18.629
18.671
18.713
18.754
18.796
18.838
18.879
18.921
18.963
19.004
19.046
19.088
19.129
19.171
19.213
19.254
19.296
19.338
19.379
19.421
19.463
19.504
19.546
19.588
19.629
19.671
19.713
19.754
19.796
19.838
19.879
19.921
19.963
