-0.48622,-0.339,-1.3402,-0.3392,-2.3112,-0.38847
-0.48381,-0.37052,-1.3378,-0.37355,-2.3086,-0.42604
-0.48168,-0.4095,-1.3357,-0.41157,-2.3066,-0.46297
-0.47381,-0.42875,-1.3278,-0.43385,-2.2985,-0.48869
-0.46439,-0.45078,-1.3184,-0.45781,-2.2889,-0.51485
-0.45848,-0.49395,-1.3125,-0.4978,-2.2832,-0.55123
-0.45597,-0.54558,-1.31,-0.54229,-2.2811,-0.58759
-0.45363,-0.57802,-1.3076,-0.56931,-2.279,-0.60845
-0.4496,-0.58931,-1.3035,-0.57832,-2.2751,-0.61487
-0.44585,-0.58904,-1.2998,-0.57721,-2.2714,-0.61281
-0.4437,-0.58731,-1.2976,-0.57435,-2.2692,-0.60866
-0.44298,-0.58527,-1.2969,-0.57132,-2.2685,-0.60451
-0.44369,-0.57894,-1.2976,-0.56493,-2.2692,-0.59805
-0.44596,-0.57144,-1.2998,-0.55756,-2.2715,-0.59083
-0.44959,-0.56445,-1.3035,-0.55072,-2.2751,-0.58416
-0.45396,-0.55937,-1.3079,-0.54574,-2.2795,-0.57929
-0.45825,-0.5534,-1.3122,-0.54047,-2.2838,-0.57482
-0.46211,-0.54698,-1.316,-0.53507,-2.2876,-0.57057
-0.46527,-0.54155,-1.3192,-0.53068,-2.2907,-0.56738
-0.46738,-0.53649,-1.3213,-0.5268,-2.2928,-0.56482
-0.46835,-0.53165,-1.3223,-0.52317,-2.2937,-0.56258
-0.46832,-0.52793,-1.3223,-0.52048,-2.2937,-0.56106
-0.46748,-0.52561,-1.3215,-0.51887,-2.2928,-0.56025
-0.46601,-0.52416,-1.32,-0.51789,-2.2913,-0.55982
-0.46425,-0.52393,-1.3182,-0.51782,-2.2896,-0.55992
-0.4625,-0.52504,-1.3165,-0.51871,-2.2878,-0.56058
-0.46092,-0.5267,-1.3149,-0.52,-2.2863,-0.56143
-0.45966,-0.52875,-1.3136,-0.52155,-2.285,-0.5624
-0.4588,-0.53114,-1.3128,-0.52333,-2.2842,-0.56351
-0.45831,-0.53331,-1.3123,-0.52495,-2.2837,-0.5645
-0.45813,-0.53498,-1.3121,-0.5262,-2.2835,-0.56525
-0.45822,-0.53628,-1.3122,-0.52716,-2.2836,-0.56584
-0.45848,-0.5371,-1.3124,-0.52776,-2.2839,-0.5662
-0.45881,-0.53734,-1.3128,-0.52794,-2.2842,-0.5663
-0.45918,-0.53725,-1.3131,-0.52787,-2.2846,-0.56625
-0.45952,-0.53693,-1.3135,-0.52763,-2.285,-0.5661
-0.45979,-0.53637,-1.3137,-0.52721,-2.2852,-0.56585
-0.46,-0.53577,-1.3139,-0.52677,-2.2854,-0.56557
-0.46013,-0.53524,-1.3141,-0.52637,-2.2855,-0.56533
-0.46018,-0.53477,-1.3141,-0.52602,-2.2856,-0.56511
-0.46016,-0.53438,-1.3141,-0.52572,-2.2856,-0.56493
-0.4601,-0.53413,-1.3141,-0.52554,-2.2855,-0.56482
-0.46,-0.53399,-1.314,-0.52543,-2.2854,-0.56475
-0.45988,-0.53392,-1.3138,-0.52538,-2.2853,-0.56472
-0.45972,-0.53391,-1.3137,-0.52537,-2.2851,-0.56471
-0.45955,-0.53398,-1.3135,-0.52543,-2.285,-0.56475
-0.45941,-0.53409,-1.3134,-0.52551,-2.2848,-0.56479
-0.4593,-0.53424,-1.3133,-0.52562,-2.2847,-0.56486
-0.4592,-0.53438,-1.3132,-0.52572,-2.2846,-0.56492
-0.45911,-0.53441,-1.3131,-0.52574,-2.2845,-0.56494
-0.45883,-0.53393,-1.3128,-0.5254,-2.2842,-0.56474
-0.45793,-0.53241,-1.3119,-0.52429,-2.2833,-0.56411
-0.45586,-0.52932,-1.3098,-0.52205,-2.2812,-0.56283
-0.45214,-0.52441,-1.3061,-0.51849,-2.2774,-0.56081
-0.44643,-0.51795,-1.3004,-0.51384,-2.2716,-0.5582
-0.43856,-0.51058,-1.2926,-0.50854,-2.2637,-0.55526
-0.42863,-0.50353,-1.2826,-0.50349,-2.2536,-0.55249
-0.41667,-0.49761,-1.2707,-0.49929,-2.2416,-0.55025
-0.4026,-0.49283,-1.2566,-0.49589,-2.2274,-0.54843
-0.38624,-0.48959,-1.2402,-0.49355,-2.211,-0.54711
-0.36736,-0.48786,-1.2213,-0.49226,-2.1921,-0.54632
-0.34629,-0.48825,-1.2003,-0.49244,-2.171,-0.54625
-0.32303,-0.493,-1.177,-0.49585,-2.1479,-0.54814
-0.29734,-0.49869,-1.1513,-0.49992,-2.1223,-0.55038
-0.26898,-0.50365,-1.123,-0.50345,-2.094,-0.55227
-0.23798,-0.50787,-1.092,-0.50643,-2.0631,-0.55384
-0.20442,-0.51074,-1.0584,-0.50839,-2.0295,-0.55476
-0.16877,-0.51481,-1.0228,-0.51129,-1.994,-0.55634
-0.13076,-0.51803,-0.98475,-0.51362,-1.956,-0.55765
-0.090492,-0.51822,-0.94448,-0.51373,-1.9157,-0.55766
-0.048623,-0.51779,-0.90261,-0.51334,-1.8739,-0.55733
-0.005981,-0.52085,-0.85996,-0.51562,-1.8312,-0.55872
0.038367,-0.52216,-0.81562,-0.5166,-1.7869,-0.55932
0.084329,-0.52065,-0.76965,-0.51541,-1.7409,-0.55851
0.13099,-0.52069,-0.72299,-0.51538,-1.6943,-0.5584
0.1789,-0.52057,-0.67509,-0.51524,-1.6464,-0.55823
0.22832,-0.51734,-0.62566,-0.51272,-1.5969,-0.55653
0.27858,-0.51687,-0.57541,-0.51226,-1.5467,-0.55606
0.33047,-0.51645,-0.52352,-0.51192,-1.4948,-0.55582
0.38436,-0.51292,-0.46963,-0.50922,-1.4408,-0.55406
0.43999,-0.5116,-0.414,-0.50825,-1.3852,-0.55348
0.49756,-0.50914,-0.35643,-0.5065,-1.3276,-0.55254
0.55615,-0.50903,-0.29784,-0.50644,-1.269,-0.55253
0.61632,-0.50982,-0.23767,-0.50712,-1.2088,-0.55311
0.67738,-0.51149,-0.17661,-0.50838,-1.1478,-0.55389
0.74032,-0.51378,-0.11367,-0.51009,-1.0849,-0.55495
0.80518,-0.51448,-0.048814,-0.51057,-1.02,-0.55518
0.87294,-0.51363,0.018949,-0.50992,-0.95226,-0.55476
0.94369,-0.50968,0.089699,-0.50697,-0.88145,-0.55294
1.0177,-0.50456,0.16371,-0.50319,-0.80736,-0.55068
1.0941,-0.49912,0.24012,-0.49917,-0.73088,-0.54828
1.1726,-0.49542,0.31861,-0.49647,-0.65232,-0.54671
1.2523,-0.49468,0.39827,-0.49594,-0.57266,-0.54642
1.3332,-0.49628,0.47924,-0.49715,-0.49171,-0.54718
1.4146,-0.50287,0.56063,-0.50198,-0.41042,-0.55003
1.4972,-0.50969,0.64324,-0.50697,-0.32791,-0.55293
1.5815,-0.5182,0.72749,-0.51316,-0.24379,-0.55648
1.6677,-0.52404,0.81375,-0.51735,-0.1576,-0.55879
1.7567,-0.52733,0.9027,-0.51962,-0.068705,-0.5599
1.846,-0.53146,0.99209,-0.5225,0.020633,-0.56136
1.9365,-0.53441,1.0825,-0.52449,0.11103,-0.56227
2.0268,-0.53886,1.1728,-0.52761,0.20127,-0.56386
2.1165,-0.54452,1.2626,-0.53162,0.29095,-0.566
2.2053,-0.54927,1.3514,-0.535,0.37973,-0.56781
2.2944,-0.55538,1.4405,-0.5394,0.46876,-0.57027
2.382,-0.55972,1.5281,-0.54252,0.55634,-0.572
2.4695,-0.56246,1.6157,-0.54449,0.64386,-0.5731
2.5561,-0.56484,1.7023,-0.54622,0.73044,-0.57409
2.642,-0.56475,1.7882,-0.54615,0.81634,-0.57403
2.7278,-0.56283,1.874,-0.54478,0.90218,-0.57329
2.8131,-0.5591,1.9592,-0.54211,0.98744,-0.57185
2.899,-0.5517,2.0451,-0.53679,1.0734,-0.56888
2.9858,-0.54308,2.1319,-0.53059,1.1602,-0.56544
3.0719,-0.53485,2.2179,-0.52469,1.2464,-0.56219
3.1585,-0.52674,2.3045,-0.51888,1.3331,-0.559
3.2442,-0.52228,2.3902,-0.51574,1.4189,-0.55736
3.3302,-0.51948,2.4762,-0.51379,1.5049,-0.55636
3.4162,-0.5193,2.5622,-0.51372,1.5909,-0.55642
3.502,-0.52171,2.6481,-0.51548,1.6767,-0.55745
3.5887,-0.52473,2.7347,-0.51766,1.7633,-0.55867
3.6757,-0.52955,2.8217,-0.5211,1.8503,-0.56054
3.7631,-0.53462,2.9091,-0.52469,1.9376,-0.56244
3.8509,-0.53881,2.997,-0.52763,2.0254,-0.56396
3.939,-0.5438,3.0851,-0.53118,2.1135,-0.56587
4.0281,-0.54597,3.1742,-0.53265,2.2025,-0.56655
4.1176,-0.54749,3.2637,-0.53369,2.292,-0.56704
4.2064,-0.54913,3.3525,-0.53485,2.3808,-0.56765
4.295,-0.54941,3.4411,-0.53501,2.4694,-0.56768
4.3827,-0.55147,3.5288,-0.5365,2.5571,-0.56852
4.4691,-0.55332,3.6153,-0.53784,2.6435,-0.56928
4.5553,-0.554,3.7015,-0.53833,2.7297,-0.56955
4.6409,-0.55526,3.787,-0.53927,2.8153,-0.57013
4.7269,-0.5534,3.873,-0.53794,2.9013,-0.5694
4.8139,-0.54949,3.96,-0.53513,2.9883,-0.56785
4.9006,-0.54498,4.0467,-0.53191,3.0751,-0.5661
4.9878,-0.53869,4.1339,-0.5274,3.1623,-0.56361
5.075,-0.53304,4.2211,-0.52335,3.2496,-0.56138
5.1616,-0.52902,4.3076,-0.52048,3.3362,-0.55982
5.2482,-0.52571,4.3943,-0.51812,3.4229,-0.55854
5.3346,-0.52535,4.4806,-0.51791,3.5092,-0.55849
5.421,-0.52566,4.567,-0.51815,3.5956,-0.55867
5.5073,-0.52772,4.6534,-0.51968,3.6819,-0.55958
5.594,-0.53131,4.7401,-0.52227,3.7686,-0.56105
5.6807,-0.53401,4.8268,-0.5242,3.8553,-0.56208
5.7682,-0.53723,4.9142,-0.52648,3.9427,-0.5633
5.856,-0.53837,5.0021,-0.52719,4.0306,-0.56353
5.9444,-0.53818,5.0905,-0.52693,4.1189,-0.56318
6.0324,-0.54019,5.1785,-0.52831,4.2069,-0.56386
6.1209,-0.54069,5.267,-0.5286,4.2954,-0.5639
6.2097,-0.54116,5.3558,-0.52889,4.3842,-0.56398
6.2977,-0.54269,5.4438,-0.52999,4.4721,-0.5646
6.3849,-0.54357,5.531,-0.53066,4.5594,-0.56502
6.472,-0.54454,5.6181,-0.53144,4.6465,-0.56559
6.5581,-0.54603,5.7042,-0.53266,4.7326,-0.56651
6.6444,-0.54696,5.7905,-0.53346,4.8188,-0.56717
6.7304,-0.54874,5.8765,-0.5349,4.9048,-0.56822
6.8164,-0.54807,5.9626,-0.53452,4.9909,-0.56817
6.9039,-0.5462,6.05,-0.53325,5.0783,-0.56758
6.9913,-0.54249,6.1374,-0.53058,5.1658,-0.56609
7.0791,-0.5375,6.2252,-0.52691,5.2536,-0.56392
7.1664,-0.53464,6.3124,-0.52479,5.3409,-0.56264
7.2534,-0.53174,6.3995,-0.52258,5.428,-0.5612
7.3405,-0.52934,6.4865,-0.52069,5.5151,-0.5599
7.4265,-0.53174,6.5726,-0.52236,5.6011,-0.56073
7.5121,-0.53452,6.6581,-0.5243,5.6866,-0.56174
7.5979,-0.53765,6.744,-0.52655,5.7724,-0.56297
7.6844,-0.54006,6.8304,-0.52829,5.8589,-0.56395
7.7717,-0.53994,6.9178,-0.52819,5.9462,-0.56388
7.8593,-0.53988,7.0054,-0.52817,6.0338,-0.5639
7.9472,-0.53951,7.0932,-0.52794,6.1217,-0.56383
8.0352,-0.53869,7.1812,-0.5274,6.2097,-0.56361
8.1231,-0.53975,7.2692,-0.52825,6.2976,-0.56423
8.2107,-0.53923,7.3567,-0.52792,6.3852,-0.56411
8.2987,-0.53877,7.4447,-0.52762,6.4732,-0.56398
8.3858,-0.53998,7.5318,-0.52851,6.5603,-0.56453
8.4722,-0.54089,7.6183,-0.52918,6.6467,-0.5649
8.5588,-0.54354,7.7049,-0.5311,6.7333,-0.566
8.6443,-0.54625,7.7905,-0.53305,6.8188,-0.5671
8.7312,-0.54665,7.8773,-0.53331,6.9057,-0.5672
8.8183,-0.54724,7.9644,-0.53373,6.9928,-0.56742
8.9053,-0.54548,8.0514,-0.53242,7.0798,-0.56662
8.9932,-0.5423,8.1393,-0.53008,7.1677,-0.56523
9.0803,-0.54031,8.2264,-0.52863,7.2548,-0.5644
9.1677,-0.53754,8.3138,-0.52661,7.3423,-0.56324
9.255,-0.53666,8.401,-0.526,7.4295,-0.56293
9.342,-0.53688,8.488,-0.52619,7.5165,-0.56309
9.4289,-0.53702,8.575,-0.52632,7.6035,-0.5632
9.5158,-0.5383,8.6619,-0.52726,7.6903,-0.56376
9.6023,-0.53917,8.7483,-0.52787,7.7768,-0.56408
9.6891,-0.53976,8.8352,-0.52829,7.8636,-0.56429
9.7759,-0.54054,8.9219,-0.52882,7.9504,-0.56455
9.8629,-0.53972,9.0089,-0.52818,8.0374,-0.5641
9.9498,-0.53828,9.0959,-0.52707,8.1243,-0.56336
10.037,-0.53729,9.1834,-0.52629,8.2119,-0.56283
10.125,-0.53613,9.2709,-0.52541,8.2993,-0.56228
10.212,-0.53807,9.3576,-0.52687,8.386,-0.56317
10.298,-0.53829,9.4443,-0.52705,8.4727,-0.56331
10.386,-0.53756,9.5319,-0.52654,8.5603,-0.56306
10.473,-0.53804,9.6192,-0.52692,8.6476,-0.56332
10.56,-0.53854,9.7061,-0.52731,8.7345,-0.5636
10.647,-0.54094,9.7928,-0.5291,8.8212,-0.5647
10.733,-0.54313,9.8789,-0.53073,8.9073,-0.56569
10.82,-0.54333,9.9659,-0.53089,8.9943,-0.56579
10.907,-0.54291,10.053,-0.53057,9.0818,-0.56558
10.995,-0.54173,10.141,-0.52968,9.1693,-0.56502
11.082,-0.54071,10.228,-0.52892,9.2568,-0.56456
11.169,-0.54139,10.315,-0.52943,9.3434,-0.56487
11.256,-0.54088,10.402,-0.52906,9.4305,-0.56467
11.343,-0.54116,10.489,-0.52928,9.5179,-0.56483
11.43,-0.54144,10.576,-0.52949,9.6044,-0.56496
11.517,-0.54093,10.663,-0.52913,9.6918,-0.56476
11.604,-0.53999,10.75,-0.52842,9.7786,-0.56431
11.691,-0.53848,10.837,-0.52726,9.8657,-0.56354
11.778,-0.53743,10.924,-0.52644,9.9526,-0.563
11.864,-0.53842,11.01,-0.52713,10.039,-0.56334
11.951,-0.53824,11.097,-0.52697,10.125,-0.5632
12.037,-0.53884,11.184,-0.52742,10.212,-0.56348
12.125,-0.53856,11.271,-0.52724,10.299,-0.56341
12.212,-0.53681,11.359,-0.52599,10.387,-0.56274
12.3,-0.5378,11.446,-0.5268,10.474,-0.56334
12.387,-0.53789,11.533,-0.52692,10.561,-0.5635
12.475,-0.53843,11.621,-0.52738,10.649,-0.56386
12.562,-0.53938,11.708,-0.5281,10.737,-0.56432
12.649,-0.53978,11.795,-0.52838,10.824,-0.56448
12.736,-0.54149,11.882,-0.52962,10.911,-0.56518
12.823,-0.54259,11.969,-0.53038,10.997,-0.56555
12.91,-0.54206,12.056,-0.52993,11.085,-0.56518
12.998,-0.54204,12.144,-0.52986,11.172,-0.56504
13.085,-0.54118,12.231,-0.52915,11.259,-0.56452
13.172,-0.54044,12.318,-0.52857,11.347,-0.56413
13.259,-0.54135,12.405,-0.52924,11.433,-0.56452
13.346,-0.54082,12.492,-0.52886,11.52,-0.5643
13.433,-0.54035,12.579,-0.52854,11.607,-0.56416
13.52,-0.53997,12.666,-0.52829,11.694,-0.56405
13.607,-0.53875,12.753,-0.52743,11.781,-0.56361
13.694,-0.53904,12.84,-0.52768,11.869,-0.5638
13.781,-0.53872,12.927,-0.52746,11.955,-0.5637
13.868,-0.53804,13.014,-0.52698,12.043,-0.56346
13.955,-0.53881,13.101,-0.52758,12.129,-0.56386
14.041,-0.53846,13.187,-0.52735,12.216,-0.56376
14.128,-0.53876,13.274,-0.52761,12.303,-0.56398
14.215,-0.53923,13.361,-0.52799,12.39,-0.56425
14.303,-0.53875,13.449,-0.52765,12.477,-0.56408
14.39,-0.54018,13.536,-0.52872,12.564,-0.56474
14.477,-0.5405,13.623,-0.52894,12.651,-0.56485
14.564,-0.54039,13.711,-0.52885,12.739,-0.56476
14.652,-0.54124,13.798,-0.52942,12.827,-0.56504
14.739,-0.54134,13.886,-0.52944,12.914,-0.56495
14.826,-0.54231,13.973,-0.5301,13.001,-0.56526
14.913,-0.54347,14.06,-0.5309,13.088,-0.56565
15,-0.54307,14.147,-0.53054,13.175,-0.56534
15.088,-0.54453,14.234,-0.5316,13.262,-0.56594
15.175,-0.54386,14.321,-0.53109,13.349,-0.56561
15.262,-0.54192,14.408,-0.52966,13.437,-0.56475
15.349,-0.5416,14.495,-0.52944,13.524,-0.56465
15.436,-0.54053,14.582,-0.52868,13.61,-0.56425
15.523,-0.5404,14.669,-0.52864,13.697,-0.56431
15.61,-0.53989,14.756,-0.52831,13.784,-0.56419
15.697,-0.53791,14.843,-0.52688,13.871,-0.56339
15.784,-0.53696,14.93,-0.52621,13.959,-0.56303
15.871,-0.53609,15.017,-0.52558,14.046,-0.56268
15.958,-0.53569,15.104,-0.5253,14.133,-0.56253
16.045,-0.53649,15.191,-0.52588,14.219,-0.56286
16.132,-0.53642,15.278,-0.52581,14.306,-0.56279
16.219,-0.53708,15.365,-0.52628,14.394,-0.56305
16.306,-0.5372,15.452,-0.52632,14.481,-0.563
16.393,-0.53628,15.539,-0.52558,14.568,-0.56247
16.48,-0.53734,15.627,-0.52633,14.655,-0.56287
16.568,-0.53808,15.714,-0.52686,14.742,-0.56315
16.655,-0.53865,15.801,-0.52726,14.829,-0.56336
16.741,-0.54105,15.887,-0.52905,14.916,-0.56445
16.829,-0.54189,15.975,-0.52969,15.003,-0.56486
16.917,-0.54288,16.063,-0.53046,15.091,-0.56538
17.004,-0.54325,16.15,-0.53075,15.178,-0.56559
17.092,-0.5426,16.238,-0.53029,15.266,-0.56534
17.179,-0.54279,16.325,-0.53043,15.354,-0.56542
17.267,-0.54125,16.413,-0.52926,15.441,-0.56468
17.354,-0.5389,16.5,-0.52748,15.528,-0.56355
17.44,-0.53908,16.586,-0.52758,15.615,-0.56355
17.527,-0.53851,16.673,-0.52714,15.702,-0.56325
17.613,-0.53862,16.76,-0.52722,15.788,-0.56331
17.7,-0.53801,16.846,-0.52679,15.875,-0.56307
17.787,-0.53628,16.933,-0.52553,15.962,-0.56236
17.874,-0.53709,17.02,-0.5262,16.049,-0.56286
17.961,-0.53735,17.107,-0.52644,16.135,-0.5631
18.048,-0.53729,17.194,-0.52647,16.223,-0.5632
18.135,-0.53906,17.281,-0.52783,16.31,-0.56412
18.222,-0.53927,17.368,-0.52804,16.396,-0.56432
18.309,-0.53904,17.455,-0.5279,16.484,-0.56428
18.396,-0.5395,17.542,-0.52825,16.571,-0.5645
18.484,-0.5388,17.63,-0.52771,16.658,-0.56415
18.571,-0.53833,17.717,-0.52732,16.745,-0.56384
18.658,-0.53842,17.804,-0.52733,16.832,-0.56377
18.745,-0.53849,17.891,-0.52733,16.92,-0.56369
18.832,-0.53907,17.978,-0.5277,17.007,-0.56382
18.919,-0.53874,18.065,-0.5274,17.094,-0.56356
19.006,-0.53871,18.152,-0.52735,17.18,-0.56349
19.093,-0.53964,18.239,-0.52803,17.267,-0.56387
19.18,-0.53957,18.326,-0.52798,17.354,-0.56386
19.267,-0.53996,18.414,-0.52829,17.442,-0.56408
19.355,-0.53934,18.501,-0.52785,17.53,-0.56384
19.443,-0.53814,18.589,-0.52697,17.617,-0.56333
19.53,-0.53976,18.676,-0.5282,17.704,-0.56409
19.617,-0.54025,18.763,-0.52857,17.791,-0.56433
19.704,-0.54078,18.85,-0.52897,17.878,-0.56459
19.791,-0.54231,18.937,-0.53011,17.965,-0.56529
19.878,-0.54276,19.024,-0.53047,18.052,-0.56553
19.965,-0.54383,19.111,-0.53128,18.139,-0.56604
20.052,-0.5437,19.198,-0.53119,18.227,-0.566
20.14,-0.54265,19.286,-0.53041,18.314,-0.56554
20.227,-0.54293,19.373,-0.53061,18.401,-0.56564
20.314,-0.54199,19.46,-0.5299,18.489,-0.56519
20.401,-0.54135,19.547,-0.52941,18.576,-0.56487
20.488,-0.5416,19.634,-0.52956,18.663,-0.56491
20.575,-0.54095,19.721,-0.52905,18.75,-0.56456
20.662,-0.54194,19.808,-0.52977,18.837,-0.56498
20.749,-0.54167,19.895,-0.52956,18.924,-0.56484
20.837,-0.53991,19.983,-0.52824,19.011,-0.56402
20.923,-0.5397,20.07,-0.5281,19.098,-0.56395
21.011,-0.53869,20.157,-0.52735,19.185,-0.5635
21.098,-0.5385,20.244,-0.52721,19.272,-0.56343
21.184,-0.53968,20.33,-0.5281,19.359,-0.56399
21.271,-0.5398,20.417,-0.52822,19.445,-0.5641
21.358,-0.541,20.504,-0.52914,19.533,-0.56469
21.445,-0.542,20.591,-0.52991,19.619,-0.56522
21.533,-0.54174,20.679,-0.52977,19.707,-0.5652
21.62,-0.54264,20.766,-0.53047,19.794,-0.56569
21.707,-0.54206,20.854,-0.53006,19.882,-0.56547
21.795,-0.54173,20.941,-0.52982,19.97,-0.56532
21.883,-0.5425,21.029,-0.53036,20.057,-0.56559
21.97,-0.54277,21.116,-0.5305,20.144,-0.5656
22.057,-0.54326,21.203,-0.5308,20.231,-0.56568
22.143,-0.54348,21.29,-0.53091,20.318,-0.56566
22.231,-0.54229,21.377,-0.53003,20.405,-0.56514
22.318,-0.54098,21.464,-0.52907,20.492,-0.56458
22.405,-0.5392,21.551,-0.52772,20.579,-0.56373
22.492,-0.53827,21.638,-0.52706,20.666,-0.56335
22.578,-0.53917,21.724,-0.52771,20.753,-0.56373
22.665,-0.53915,21.811,-0.52772,20.839,-0.56377
22.751,-0.53989,21.897,-0.52829,20.926,-0.56414
22.838,-0.53988,21.984,-0.52831,21.013,-0.5642
22.926,-0.53876,22.072,-0.52751,21.101,-0.56376
23.014,-0.5388,22.16,-0.52755,21.188,-0.56381
23.101,-0.53883,22.247,-0.52757,21.276,-0.56383
23.188,-0.53985,22.334,-0.52833,21.363,-0.56428
23.275,-0.54211,22.421,-0.52999,21.449,-0.56525
23.362,-0.54291,22.508,-0.53057,21.536,-0.56558
23.449,-0.54369,22.595,-0.53113,21.624,-0.5659
23.536,-0.54315,22.682,-0.53072,21.711,-0.56563
23.624,-0.54105,22.77,-0.52916,21.798,-0.56469
23.711,-0.54152,22.857,-0.52952,21.885,-0.56492
23.798,-0.54049,22.944,-0.52876,21.972,-0.56445
23.885,-0.53927,23.031,-0.52784,22.059,-0.5639
23.971,-0.53909,23.117,-0.52771,22.146,-0.56383
24.059,-0.53784,23.205,-0.5268,22.233,-0.56329
24.146,-0.53773,23.292,-0.52672,22.32,-0.56325
24.233,-0.5374,23.379,-0.52648,22.407,-0.56311
24.32,-0.53604,23.466,-0.52549,22.495,-0.56253
24.407,-0.53702,23.553,-0.52622,22.581,-0.56297
24.494,-0.53732,23.64,-0.52644,22.668,-0.56311
24.581,-0.53796,23.727,-0.52692,22.755,-0.56341
24.668,-0.53993,23.814,-0.52837,22.842,-0.56428
24.755,-0.54045,23.901,-0.52877,22.929,-0.56453
24.842,-0.54164,23.988,-0.52966,23.017,-0.56508
24.93,-0.54216,24.076,-0.53004,23.104,-0.56531
25.018,-0.54124,24.164,-0.52935,23.192,-0.56488
25.105,-0.54233,24.251,-0.53014,23.28,-0.56531
25.193,-0.5429,24.339,-0.53052,23.367,-0.56549
25.28,-0.5438,24.426,-0.53117,23.454,-0.56585
25.365,-0.54576,24.512,-0.5326,23.54,-0.56669
25.452,-0.54593,24.598,-0.53274,23.627,-0.56678
25.539,-0.54611,24.686,-0.53288,23.714,-0.56689
25.627,-0.5448,24.773,-0.53192,23.802,-0.56633
25.715,-0.54188,24.861,-0.52977,23.889,-0.56504
25.802,-0.54121,24.948,-0.52928,23.976,-0.56477
25.888,-0.54046,25.034,-0.52873,24.063,-0.56443
25.975,-0.54013,25.121,-0.52849,24.15,-0.56429
26.062,-0.54013,25.208,-0.52848,24.237,-0.56428
26.149,-0.53887,25.295,-0.52753,24.324,-0.56368
26.237,-0.53762,25.383,-0.52658,24.411,-0.56308
26.323,-0.53737,25.469,-0.52637,24.498,-0.56291
26.41,-0.53684,25.556,-0.52596,24.584,-0.56265
26.496,-0.53887,25.642,-0.52748,24.671,-0.56357
26.583,-0.5399,25.729,-0.52826,24.757,-0.56407
26.67,-0.54045,25.816,-0.52873,24.845,-0.56444
26.757,-0.54189,25.903,-0.52986,24.931,-0.56523
26.844,-0.54159,25.99,-0.52971,25.019,-0.56525
26.932,-0.54188,26.078,-0.52999,25.106,-0.56551
27.02,-0.5421,26.166,-0.53018,25.194,-0.56567
27.107,-0.54146,26.253,-0.52971,25.282,-0.56539
27.194,-0.54252,26.34,-0.53046,25.369,-0.5658
27.281,-0.5423,26.427,-0.53024,25.456,-0.56556
27.369,-0.54161,26.515,-0.52965,25.543,-0.5651
27.455,-0.5426,26.602,-0.53031,25.63,-0.56538
27.542,-0.54216,26.688,-0.52992,25.717,-0.56504
27.629,-0.54225,26.776,-0.52993,25.804,-0.56496
27.716,-0.54278,26.862,-0.53028,25.89,-0.56512
27.803,-0.54173,26.949,-0.5295,25.977,-0.56465
27.89,-0.54261,27.036,-0.53017,26.064,-0.56508
27.977,-0.54192,27.124,-0.52968,26.152,-0.56482
28.065,-0.54127,27.211,-0.52927,26.24,-0.56466
28.152,-0.54123,27.298,-0.52927,26.327,-0.56472
28.24,-0.54072,27.386,-0.52892,26.414,-0.56456
28.327,-0.54197,27.473,-0.52989,26.501,-0.56521
28.413,-0.54275,27.559,-0.53049,26.588,-0.56559
28.5,-0.54192,27.646,-0.52987,26.675,-0.56521
28.587,-0.5419,27.733,-0.52985,26.762,-0.56519
28.675,-0.54054,27.821,-0.52881,26.849,-0.56452
28.762,-0.539,27.908,-0.52764,26.936,-0.56377
28.849,-0.53908,27.995,-0.52766,27.023,-0.56373
28.935,-0.53818,28.081,-0.52696,27.11,-0.56325
29.023,-0.53764,28.169,-0.52654,27.197,-0.56295
29.109,-0.53816,28.255,-0.52691,27.284,-0.56317
29.196,-0.53774,28.342,-0.52662,27.371,-0.56302
29.283,-0.53984,28.429,-0.52821,27.458,-0.56403
29.37,-0.54119,28.516,-0.52926,27.545,-0.56473
29.458,-0.54241,28.604,-0.53023,27.632,-0.56542
29.545,-0.54413,28.691,-0.53156,27.719,-0.56631
29.632,-0.54384,28.778,-0.53138,27.806,-0.56626
29.719,-0.54341,28.865,-0.53109,27.894,-0.56614
29.807,-0.54295,28.953,-0.53075,27.981,-0.56593
29.894,-0.54159,29.04,-0.52972,28.068,-0.56527
29.981,-0.54194,29.127,-0.52994,28.155,-0.56533
30.068,-0.54138,29.214,-0.52946,28.242,-0.56495
30.155,-0.54035,29.301,-0.52864,28.329,-0.56437
30.242,-0.54013,29.388,-0.52842,28.416,-0.56414
30.329,-0.53919,29.475,-0.52766,28.503,-0.5636
30.416,-0.53972,29.562,-0.52803,28.59,-0.56379
30.502,-0.54108,29.648,-0.52903,28.677,-0.56437
30.589,-0.54153,29.735,-0.52938,28.763,-0.56461
30.676,-0.54301,29.822,-0.53052,28.85,-0.56536
30.763,-0.54279,29.909,-0.53041,28.937,-0.56539
30.851,-0.54144,29.997,-0.52948,29.025,-0.56494
30.938,-0.54026,30.084,-0.52867,29.113,-0.56454
31.026,-0.53807,30.172,-0.52709,29.2,-0.56365
31.113,-0.53636,30.259,-0.52584,29.288,-0.56293
31.2,-0.53567,30.346,-0.52531,29.374,-0.56258
31.286,-0.53506,30.432,-0.52483,29.461,-0.56224
31.373,-0.53666,30.519,-0.52598,29.547,-0.56289
31.459,-0.53754,30.605,-0.52662,29.633,-0.56324
31.546,-0.53749,30.692,-0.52656,29.721,-0.56319
31.633,-0.53755,30.78,-0.5266,29.808,-0.56319
31.721,-0.53652,30.867,-0.52583,29.896,-0.56271
31.808,-0.53587,30.954,-0.52534,29.983,-0.56242
31.896,-0.53622,31.042,-0.52559,30.07,-0.56255
31.983,-0.53644,31.129,-0.52575,30.158,-0.56264
32.07,-0.53807,31.216,-0.52697,30.245,-0.56339
32.158,-0.53917,31.304,-0.52778,30.332,-0.56388
32.245,-0.53991,31.391,-0.52834,30.42,-0.56422
32.333,-0.54128,31.479,-0.52934,30.507,-0.56482
32.42,-0.54152,31.566,-0.5295,30.594,-0.56489
32.507,-0.54222,31.653,-0.53001,30.682,-0.56517
32.594,-0.54342,31.74,-0.53088,30.768,-0.56566
32.681,-0.54349,31.827,-0.53091,30.855,-0.56565
32.768,-0.54479,31.914,-0.53188,30.942,-0.56625
32.854,-0.54492,32,-0.53199,31.029,-0.56634
32.942,-0.54384,32.088,-0.53122,31.116,-0.56592
33.029,-0.5437,32.175,-0.53115,31.203,-0.56593
33.116,-0.54211,32.262,-0.53,31.291,-0.56528
33.204,-0.54149,32.35,-0.52957,31.378,-0.56507
33.291,-0.54151,32.437,-0.52959,31.466,-0.56508
33.378,-0.54111,32.524,-0.52928,31.552,-0.56487
33.464,-0.54209,32.611,-0.52998,31.639,-0.56526
33.551,-0.54137,32.697,-0.52941,31.726,-0.56486
33.639,-0.53943,32.785,-0.52793,31.813,-0.5639
33.725,-0.53893,32.871,-0.52752,31.9,-0.5636
33.812,-0.53783,32.958,-0.52668,31.987,-0.56305
33.899,-0.53769,33.045,-0.52658,32.073,-0.56299
33.985,-0.53843,33.132,-0.52714,32.16,-0.56336
34.073,-0.53804,33.219,-0.5269,32.247,-0.56328
34.16,-0.53838,33.306,-0.52721,32.334,-0.56356
34.247,-0.53824,33.394,-0.52716,32.422,-0.56361
34.335,-0.53806,33.481,-0.52707,32.51,-0.56363
34.422,-0.53868,33.569,-0.52754,32.597,-0.56392
34.509,-0.53888,33.656,-0.52768,32.684,-0.56398
34.597,-0.53984,33.743,-0.52836,32.771,-0.56435
34.683,-0.54149,33.829,-0.52954,32.858,-0.56499
34.77,-0.54144,33.917,-0.52946,32.945,-0.56487
34.858,-0.54112,34.004,-0.52917,33.032,-0.56462
34.945,-0.54049,34.092,-0.52865,33.12,-0.56423
