-0.004104,-0.0024211,0.0011851,-0.94829,-0.47978,0.0011851,-1.8233,-0.46411,0.0011851,-2.7612,-0.46425,0.0011851,-3.7723,-0.49414,0.0011851,-4.9724,-0.49413,0.0011851,-5.8406,-0.48532,0.0011851,-6.6968,-0.18647,0.0011851
-0.0016026,-0.031618,-0.0026997,-0.95813,-0.27898,-0.0026997,-1.8239,-0.48616,-0.0026997,-2.7578,-0.5063,-0.0026997,-3.7736,-0.51337,-0.0026997,-4.9746,-0.50955,-0.0026997,-5.8584,-0.36758,-0.0026997,-6.6966,-0.23725,-0.0026997
0.0017978,-0.071725,-0.0051466,-0.93804,-0.25222,-0.0051466,-1.8324,-0.46059,-0.0051466,-2.7597,-0.51807,-0.0051466,-3.7757,-0.51882,-0.0051466,-4.9767,-0.5042,-0.0051466,-5.8563,-0.40077,-0.0051466,-6.6939,-0.26879,-0.0051466
0.0093563,-0.088934,-0.00095687,-0.95378,-0.37333,-0.00095687,-1.8238,-0.48961,-0.00095687,-2.7538,-0.52077,-0.00095687,-3.7697,-0.52061,-0.00095687,-4.9697,-0.51438,-0.00095687,-5.8481,-0.48637,-0.00095687,-6.6869,-0.30987,-0.00095687
0.018306,-0.1101,-0.0053908,-0.94721,-0.46897,-0.0053908,-1.8144,-0.51285,-0.0053908,-2.7452,-0.5268,-0.0053908,-3.7607,-0.5244,-0.0053908,-4.9601,-0.52154,-0.0053908,-5.8388,-0.51554,-0.0053908,-6.6779,-0.34609,-0.0053908
0.025237,-0.15499,-0.0043995,-0.9416,-0.50542,-0.0043995,-1.8109,-0.52213,-0.0043995,-2.7392,-0.5303,-0.0043995,-3.7542,-0.52638,-0.0043995,-4.9533,-0.52439,-0.0043995,-5.8335,-0.52038,-0.0043995,-6.6716,-0.36615,-0.0043995
0.031004,-0.21064,-0.0037699,-0.93832,-0.51789,-0.0037699,-1.8089,-0.53021,-0.0037699,-2.7345,-0.53532,-0.0037699,-3.7501,-0.52942,-0.0037699,-4.9499,-0.52595,-0.0037699,-5.8311,-0.52267,-0.0037699,-6.6679,-0.36575,-0.0037699
0.035419,-0.24618,-0.0033239,-0.93394,-0.52615,-0.0033239,-1.8054,-0.53514,-0.0033239,-2.7299,-0.53785,-0.0033239,-3.7462,-0.52975,-0.0033239,-4.9468,-0.52526,-0.0033239,-5.8285,-0.52262,-0.0033239,-6.6643,-0.3588,-0.0033239
0.040399,-0.25877,-0.0018454,-0.92869,-0.5274,-0.0018454,-1.8007,-0.53512,-0.0018454,-2.7247,-0.53667,-0.0018454,-3.7415,-0.52837,-0.0018454,-4.9426,-0.52438,-0.0018454,-5.8243,-0.52284,-0.0018454,-6.6598,-0.35351,-0.0018454
0.044456,-0.259,-0.0010145,-0.92485,-0.52645,-0.0010145,-1.7969,-0.53365,-0.0010145,-2.7209,-0.53445,-0.0010145,-3.738,-0.52666,-0.0010145,-4.9392,-0.52325,-0.0010145,-5.8206,-0.52285,-0.0010145,-6.6558,-0.34716,-0.0010145
0.046979,-0.2579,0.00031727,-0.92273,-0.52482,0.00031727,-1.7948,-0.53199,0.00031727,-2.7191,-0.53225,0.00031727,-3.7363,-0.52472,0.00031727,-4.9376,-0.52157,0.00031727,-5.8183,-0.52133,0.00031727,-6.6533,-0.33719,0.00031727
0.048147,-0.25642,0.0029599,-0.92206,-0.52333,0.0029599,-1.7942,-0.53077,0.0029599,-2.7189,-0.53071,0.0029599,-3.7361,-0.52338,0.0029599,-4.9374,-0.52059,0.0029599,-5.8173,-0.51995,0.0029599,-6.6524,-0.32797,0.0029599
0.04746,-0.25013,0.0049903,-0.92337,-0.52166,0.0049903,-1.7953,-0.5292,0.0049903,-2.7203,-0.52896,0.0049903,-3.7375,-0.52231,0.0049903,-4.9386,-0.51992,0.0049903,-5.8178,-0.5194,0.0049903,-6.653,-0.3212,0.0049903
0.045115,-0.24256,0.0062292,-0.92629,-0.51974,0.0062292,-1.798,-0.52773,0.0062292,-2.7235,-0.52744,0.0062292,-3.7404,-0.52122,0.0062292,-4.9413,-0.5192,0.0062292,-5.8199,-0.51842,0.0062292,-6.6553,-0.31467,0.0062292
0.041415,-0.23548,0.0075512,-0.93049,-0.51833,0.0075512,-1.8019,-0.52641,0.0075512,-2.7278,-0.52616,0.0075512,-3.7446,-0.52027,0.0075512,-4.9453,-0.51847,0.0075512,-5.8233,-0.517,0.0075512,-6.659,-0.30873,0.0075512
0.037005,-0.23035,0.0081296,-0.93529,-0.51782,0.0081296,-1.8065,-0.52585,0.0081296,-2.7327,-0.52563,0.0081296,-3.7493,-0.51987,0.0081296,-4.9499,-0.5182,0.0081296,-5.8274,-0.51591,0.0081296,-6.6633,-0.30439,0.0081296
0.032433,-0.22397,0.0081159,-0.94002,-0.51726,0.0081159,-1.811,-0.52529,0.0081159,-2.7375,-0.52526,0.0081159,-3.7539,-0.51977,0.0081159,-4.9544,-0.51844,0.0081159,-5.8317,-0.5156,0.0081159,-6.6678,-0.30352,0.0081159
0.028174,-0.21698,0.0077632,-0.94429,-0.51667,0.0077632,-1.815,-0.52466,0.0077632,-2.7417,-0.52486,0.0077632,-3.758,-0.51968,0.0077632,-4.9583,-0.51865,0.0077632,-5.8356,-0.51549,0.0077632,-6.6719,-0.30448,0.0077632
0.024602,-0.21094,0.0070331,-0.94775,-0.51628,0.0070331,-1.8182,-0.52434,0.0070331,-2.7451,-0.52475,0.0070331,-3.7613,-0.51976,0.0070331,-4.9615,-0.51896,0.0070331,-5.8388,-0.5155,0.0070331,-6.6754,-0.30669,0.0070331
0.022026,-0.20519,0.0060084,-0.9501,-0.51607,0.0060084,-1.8204,-0.52413,0.0060084,-2.7475,-0.52477,0.0060084,-3.7635,-0.51994,0.0060084,-4.9636,-0.51936,0.0060084,-5.8411,-0.51582,0.0060084,-6.6778,-0.31015,0.0060084
0.020588,-0.19968,0.0050102,-0.95124,-0.51565,0.0050102,-1.8214,-0.52386,0.0050102,-2.7486,-0.52473,0.0050102,-3.7645,-0.52007,0.0050102,-4.9646,-0.51967,0.0050102,-5.8423,-0.51622,0.0050102,-6.6791,-0.31414,0.0050102
0.020214,-0.19536,0.0040765,-0.95131,-0.5152,0.0040765,-1.8213,-0.52375,0.0040765,-2.7486,-0.5248,0.0040765,-3.7645,-0.52021,0.0040765,-4.9645,-0.5199,0.0040765,-5.8424,-0.51658,0.0040765,-6.6793,-0.31789,0.0040765
0.02077,-0.19264,0.0032928,-0.95053,-0.51506,0.0032928,-1.8205,-0.5238,0.0032928,-2.7478,-0.52496,0.0032928,-3.7636,-0.52033,0.0032928,-4.9636,-0.52001,0.0032928,-5.8417,-0.51682,0.0032928,-6.6786,-0.32072,0.0032928
0.022051,-0.19092,0.0027841,-0.94908,-0.51474,0.0027841,-1.819,-0.52384,0.0027841,-2.7464,-0.52507,0.0027841,-3.7621,-0.52038,0.0027841,-4.9621,-0.52003,0.0027841,-5.8403,-0.51698,0.0027841,-6.6773,-0.32273,0.0027841
0.023744,-0.19061,0.0025272,-0.94733,-0.51456,0.0025272,-1.8173,-0.52399,0.0025272,-2.7446,-0.52523,0.0025272,-3.7603,-0.52042,0.0025272,-4.9603,-0.51996,0.0025272,-5.8386,-0.517,0.0025272,-6.6756,-0.32363,0.0025272
0.025571,-0.19184,0.0025223,-0.94556,-0.51471,0.0025223,-1.8155,-0.52427,0.0025223,-2.7429,-0.52546,0.0025223,-3.7586,-0.52045,0.0025223,-4.9586,-0.51981,0.0025223,-5.8368,-0.51683,0.0025223,-6.6738,-0.3232,0.0025223
0.0273,-0.19372,0.0029483,-0.94394,-0.51487,0.0029483,-1.8139,-0.52454,0.0029483,-2.7412,-0.52565,0.0029483,-3.757,-0.52046,0.0029483,-4.957,-0.51967,0.0029483,-5.8352,-0.51662,0.0029483,-6.6721,-0.32209,0.0029483
0.028762,-0.19607,0.0036585,-0.94263,-0.51511,0.0036585,-1.8127,-0.52479,0.0036585,-2.7399,-0.52582,0.0036585,-3.7557,-0.52047,0.0036585,-4.9557,-0.51953,0.0036585,-5.8339,-0.51636,0.0036585,-6.6707,-0.32048,0.0036585
0.029855,-0.19879,0.0045623,-0.94171,-0.51551,0.0045623,-1.8118,-0.52508,0.0045623,-2.739,-0.526,0.0045623,-3.7548,-0.52048,0.0045623,-4.9549,-0.51939,0.0045623,-5.833,-0.51607,0.0045623,-6.6697,-0.31851,0.0045623
0.030562,-0.20128,0.0054436,-0.94116,-0.51586,0.0054436,-1.8113,-0.52528,0.0054436,-2.7385,-0.52612,0.0054436,-3.7543,-0.5205,0.0054436,-4.9544,-0.51932,0.0054436,-5.8324,-0.51586,0.0054436,-6.6691,-0.31667,0.0054436
0.030911,-0.2032,0.0062969,-0.94092,-0.51602,0.0062969,-1.8112,-0.52539,0.0062969,-2.7383,-0.52618,0.0062969,-3.7542,-0.52051,0.0062969,-4.9543,-0.5193,0.0062969,-5.8322,-0.51574,0.0062969,-6.6688,-0.31522,0.0062969
0.030954,-0.20468,0.0069643,-0.94096,-0.51616,0.0069643,-1.8112,-0.52545,0.0069643,-2.7383,-0.52621,0.0069643,-3.7542,-0.52053,0.0069643,-4.9544,-0.51931,0.0069643,-5.8322,-0.51568,0.0069643,-6.6688,-0.31408,0.0069643
0.030785,-0.20563,0.0074813,-0.94118,-0.51627,0.0074813,-1.8115,-0.52546,0.0074813,-2.7385,-0.52621,0.0074813,-3.7545,-0.52054,0.0074813,-4.9546,-0.51934,0.0074813,-5.8324,-0.51568,0.0074813,-6.669,-0.31336,0.0074813
0.030476,-0.2059,0.0078612,-0.9415,-0.51629,0.0078612,-1.8118,-0.52541,0.0078612,-2.7389,-0.52617,0.0078612,-3.7548,-0.52055,0.0078612,-4.955,-0.5194,0.0078612,-5.8327,-0.51574,0.0078612,-6.6693,-0.31311,0.0078612
0.030103,-0.20581,0.0080951,-0.94188,-0.51627,0.0080951,-1.8122,-0.52533,0.0080951,-2.7392,-0.52611,0.0080951,-3.7552,-0.52055,0.0080951,-4.9553,-0.51945,0.0080951,-5.8331,-0.51582,0.0080951,-6.6697,-0.31317,0.0080951
0.029724,-0.20542,0.0082058,-0.94223,-0.51625,0.0082058,-1.8125,-0.52526,0.0082058,-2.7396,-0.52607,0.0082058,-3.7555,-0.52056,0.0082058,-4.9557,-0.5195,0.0082058,-5.8334,-0.5159,0.0082058,-6.6701,-0.31343,0.0082058
0.029403,-0.20481,0.0082364,-0.94253,-0.51618,0.0082364,-1.8128,-0.52517,0.0082364,-2.7399,-0.52601,0.0082364,-3.7558,-0.52055,0.0082364,-4.956,-0.51956,0.0082364,-5.8337,-0.51601,0.0082364,-6.6704,-0.31391,0.0082364
0.029136,-0.2041,0.0082205,-0.94275,-0.5161,0.0082205,-1.813,-0.52508,0.0082205,-2.7401,-0.52595,0.0082205,-3.756,-0.52054,0.0082205,-4.9562,-0.51959,0.0082205,-5.834,-0.51609,0.0082205,-6.6706,-0.31439,0.0082205
0.02896,-0.20351,0.0081706,-0.9429,-0.51605,0.0081706,-1.8131,-0.52502,0.0081706,-2.7402,-0.52592,0.0081706,-3.7562,-0.52054,0.0081706,-4.9563,-0.51961,0.0081706,-5.8341,-0.51614,0.0081706,-6.6708,-0.31486,0.0081706
0.028854,-0.20294,0.0081272,-0.94297,-0.516,0.0081272,-1.8132,-0.52498,0.0081272,-2.7403,-0.52589,0.0081272,-3.7562,-0.52053,0.0081272,-4.9563,-0.51962,0.0081272,-5.8342,-0.51618,0.0081272,-6.6709,-0.31524,0.0081272
0.028837,-0.20253,0.0080914,-0.94297,-0.51596,0.0080914,-1.8132,-0.52495,0.0080914,-2.7403,-0.52587,0.0080914,-3.7562,-0.52053,0.0080914,-4.9563,-0.51962,0.0080914,-5.8342,-0.5162,0.0080914,-6.6709,-0.31557,0.0080914
0.028866,-0.20221,0.0080982,-0.94291,-0.51594,0.0080982,-1.8131,-0.52494,0.0080982,-2.7402,-0.52587,0.0080982,-3.7561,-0.52052,0.0080982,-4.9562,-0.51961,0.0080982,-5.8341,-0.5162,0.0080982,-6.6708,-0.31576,0.0080982
0.028958,-0.20209,0.0081205,-0.94282,-0.51593,0.0081205,-1.813,-0.52495,0.0081205,-2.7401,-0.52587,0.0081205,-3.756,-0.52052,0.0081205,-4.9561,-0.5196,0.0081205,-5.834,-0.51619,0.0081205,-6.6707,-0.3159,0.0081205
0.02907,-0.20197,0.0082061,-0.9427,-0.51592,0.0082061,-1.8129,-0.52496,0.0082061,-2.74,-0.52588,0.0082061,-3.7559,-0.52052,0.0082061,-4.956,-0.51959,0.0082061,-5.8339,-0.51618,0.0082061,-6.6706,-0.31594,0.0082061
0.029235,-0.202,0.00832,-0.94254,-0.51591,0.00832,-1.8127,-0.52497,0.00832,-2.7399,-0.52589,0.00832,-3.7558,-0.52052,0.00832,-4.9559,-0.51958,0.00832,-5.8338,-0.51617,0.00832,-6.6705,-0.31596,0.00832
0.029402,-0.20205,0.008474,-0.94237,-0.51591,0.008474,-1.8126,-0.52498,0.008474,-2.7397,-0.5259,0.008474,-3.7556,-0.52052,0.008474,-4.9557,-0.51957,0.008474,-5.8336,-0.51615,0.008474,-6.6703,-0.31589,0.008474
0.029563,-0.2022,0.0086304,-0.94222,-0.51592,0.0086304,-1.8124,-0.525,0.0086304,-2.7395,-0.52591,0.0086304,-3.7554,-0.52052,0.0086304,-4.9556,-0.51956,0.0086304,-5.8334,-0.51613,0.0086304,-6.6701,-0.3158,0.0086304
0.029684,-0.20235,0.0088302,-0.94211,-0.51593,0.0088302,-1.8123,-0.52502,0.0088302,-2.7394,-0.52592,0.0088302,-3.7553,-0.52052,0.0088302,-4.9554,-0.51955,0.0088302,-5.8333,-0.51611,0.0088302,-6.67,-0.31567,0.0088302
0.029798,-0.20252,0.0090371,-0.942,-0.51594,0.0090371,-1.8122,-0.52503,0.0090371,-2.7393,-0.52593,0.0090371,-3.7552,-0.52052,0.0090371,-4.9553,-0.51954,0.0090371,-5.8332,-0.51609,0.0090371,-6.6699,-0.31554,0.0090371
0.029896,-0.20254,0.012125,-0.94191,-0.51604,0.012125,-1.8121,-0.52508,0.012125,-2.7392,-0.52596,0.012125,-3.7551,-0.52056,0.012125,-4.9553,-0.51957,0.012125,-5.8331,-0.51614,0.012125,-6.6698,-0.31554,0.012125
0.030121,-0.20198,0.02037,-0.94167,-0.51626,0.02037,-1.8119,-0.52514,0.02037,-2.739,-0.52599,0.02037,-3.7549,-0.52061,0.02037,-4.955,-0.51959,0.02037,-5.8329,-0.51616,0.02037,-6.6696,-0.316,0.02037
0.030869,-0.20024,0.033414,-0.94084,-0.51668,0.033414,-1.811,-0.52524,0.033414,-2.7381,-0.52601,0.033414,-3.754,-0.52071,0.033414,-4.9541,-0.51964,0.033414,-5.832,-0.51619,0.033414,-6.6688,-0.31753,0.033414
0.0326,-0.19662,0.051163,-0.93887,-0.51712,0.051163,-1.8089,-0.52531,0.051163,-2.7361,-0.52597,0.051163,-3.7519,-0.52087,0.051163,-4.9519,-0.51972,0.051163,-5.8301,-0.51633,0.051163,-6.6669,-0.32058,0.051163
0.035803,-0.191,0.073794,-0.93526,-0.51736,0.073794,-1.8051,-0.52532,0.073794,-2.7325,-0.52583,0.073794,-3.7482,-0.52101,0.073794,-4.9481,-0.51982,0.073794,-5.8266,-0.51667,0.073794,-6.6635,-0.32553,0.073794
0.040793,-0.18344,0.1015,-0.9296,-0.51729,0.1015,-1.7994,-0.52519,0.1015,-2.7269,-0.52562,0.1015,-3.7425,-0.52117,0.1015,-4.9423,-0.51992,0.1015,-5.8211,-0.51715,0.1015,-6.6581,-0.33212,0.1015
0.047844,-0.17499,0.13414,-0.92172,-0.51678,0.13414,-1.7914,-0.52475,0.13414,-2.7191,-0.52533,0.13414,-3.7346,-0.52128,0.13414,-4.9342,-0.52003,0.13414,-5.8134,-0.51774,0.13414,-6.6507,-0.33985,0.13414
0.05697,-0.16667,0.17203,-0.91165,-0.51597,0.17203,-1.7813,-0.52427,0.17203,-2.7092,-0.52501,0.17203,-3.7245,-0.52136,0.17203,-4.924,-0.5201,0.17203,-5.8036,-0.51838,0.17203,-6.6411,-0.34738,0.17203
0.068268,-0.15988,0.215,-0.89958,-0.51443,0.215,-1.7691,-0.52385,0.215,-2.6973,-0.52456,0.215,-3.7125,-0.52142,0.215,-4.9118,-0.51985,0.215,-5.7917,-0.51897,0.215,-6.6294,-0.35403,0.215
0.081783,-0.15423,0.26359,-0.88539,-0.51326,0.26359,-1.7549,-0.52356,0.26359,-2.6832,-0.52414,0.26359,-3.6984,-0.52148,0.26359,-4.8976,-0.51985,0.26359,-5.7777,-0.51946,0.26359,-6.6156,-0.35922,0.26359
0.097793,-0.15052,0.31798,-0.86886,-0.5135,0.31798,-1.7384,-0.5232,0.31798,-2.6668,-0.52394,0.31798,-3.682,-0.52136,0.31798,-4.8811,-0.52013,0.31798,-5.7613,-0.51979,0.31798,-6.5994,-0.36261,0.31798
0.1165,-0.14854,0.37784,-0.84993,-0.51305,0.37784,-1.7195,-0.52258,0.37784,-2.648,-0.52424,0.37784,-3.663,-0.52089,0.37784,-4.8622,-0.52062,0.37784,-5.7424,-0.51991,0.37784,-6.5806,-0.36402,0.37784
0.13746,-0.14845,0.44326,-0.82881,-0.51333,0.44326,-1.6984,-0.52223,0.44326,-2.6269,-0.52448,0.44326,-3.642,-0.52076,0.44326,-4.8412,-0.52101,0.44326,-5.7213,-0.52015,0.44326,-6.5595,-0.36291,0.44326
0.16144,-0.15467,0.51493,-0.80578,-0.51375,0.51493,-1.6754,-0.52251,0.51493,-2.6036,-0.52437,0.51493,-3.6188,-0.52095,0.51493,-4.8181,-0.52078,0.51493,-5.698,-0.52015,0.51493,-6.536,-0.35781,0.51493
0.18778,-0.16117,0.5915,-0.78025,-0.51425,0.5915,-1.6499,-0.52326,0.5915,-2.5779,-0.52437,0.5915,-3.5932,-0.52145,0.5915,-4.7926,-0.52033,0.5915,-5.6723,-0.51975,0.5915,-6.51,-0.35188,0.5915
0.21673,-0.16696,0.67291,-0.75207,-0.51439,0.67291,-1.6217,-0.52363,0.67291,-2.5495,-0.52381,0.67291,-3.565,-0.52148,0.67291,-4.7644,-0.51949,0.67291,-5.6439,-0.5189,0.67291,-6.4814,-0.34628,0.67291
0.24818,-0.17182,0.76089,-0.72113,-0.51506,0.76089,-1.5908,-0.52335,0.76089,-2.5185,-0.52408,0.76089,-3.534,-0.52095,0.76089,-4.7336,-0.51959,0.76089,-5.6129,-0.51803,0.76089,-6.4503,-0.34159,0.76089
0.28211,-0.1753,0.85432,-0.68763,-0.51683,0.85432,-1.5573,-0.52324,0.85432,-2.485,-0.52474,0.85432,-3.5005,-0.52058,0.85432,-4.7002,-0.52018,0.85432,-5.5792,-0.51755,0.85432,-6.4165,-0.33771,0.85432
0.3183,-0.18,0.95404,-0.65186,-0.51628,0.95404,-1.5216,-0.52409,0.95404,-2.4492,-0.5247,0.95404,-3.4648,-0.52101,0.95404,-4.6645,-0.51987,0.95404,-5.5433,-0.51762,0.95404,-6.3805,-0.33339,0.95404
0.3566,-0.18366,1.0589,-0.61394,-0.51633,1.0589,-1.4837,-0.52457,1.0589,-2.4112,-0.52412,1.0589,-3.4269,-0.52134,1.0589,-4.6266,-0.51885,1.0589,-5.5053,-0.51717,1.0589,-6.3424,-0.32999,1.0589
0.39695,-0.18404,1.17,-0.57369,-0.51563,1.17,-1.4435,-0.5239,1.17,-2.3709,-0.52413,1.17,-3.3866,-0.52066,1.17,-4.5864,-0.51878,1.17,-5.4651,-0.51649,1.17,-6.3021,-0.32969,1.17
0.43878,-0.18347,1.288,-0.53178,-0.51652,1.288,-1.4016,-0.52361,1.288,-2.3291,-0.52471,1.288,-3.3447,-0.52023,1.288,-4.5445,-0.51964,1.288,-5.4232,-0.51657,1.288,-6.2602,-0.32951,1.288
0.48175,-0.1872,1.4107,-0.48917,-0.51595,1.4107,-1.3589,-0.52434,1.4107,-2.2864,-0.52435,1.4107,-3.3021,-0.52081,1.4107,-4.5019,-0.51904,1.4107,-5.3804,-0.51688,1.4107,-6.2174,-0.32689,1.4107
0.52622,-0.18844,1.5381,-0.44471,-0.51524,1.5381,-1.3146,-0.52446,1.5381,-2.2419,-0.52371,1.5381,-3.2577,-0.52086,1.5381,-4.4575,-0.51806,1.5381,-5.336,-0.51642,1.5381,-6.173,-0.32594,1.5381
0.57201,-0.18685,1.6729,-0.39884,-0.51577,1.6729,-1.2687,-0.52336,1.6729,-2.1961,-0.52444,1.6729,-3.2118,-0.51978,1.6729,-4.4116,-0.519,1.6729,-5.2902,-0.51603,1.6729,-6.1271,-0.32661,1.6729
0.61868,-0.18674,1.8121,-0.35218,-0.51584,1.8121,-1.222,-0.52409,1.8121,-2.1494,-0.5243,1.8121,-3.1651,-0.52045,1.8121,-4.365,-0.51876,1.8121,-5.2435,-0.51653,1.8121,-6.0805,-0.32618,1.8121
0.6666,-0.18684,1.9567,-0.30429,-0.51436,1.9567,-1.1741,-0.5241,1.9567,-2.1015,-0.52331,1.9567,-3.1173,-0.52064,1.9567,-4.317,-0.51757,1.9567,-5.1956,-0.51627,1.9567,-6.0326,-0.32601,1.9567
0.71575,-0.18314,2.1083,-0.25485,-0.51488,2.1083,-1.1247,-0.52275,2.1083,-2.0522,-0.52407,2.1083,-3.0678,-0.51946,2.1083,-4.2676,-0.51856,2.1083,-5.1463,-0.51561,2.1083,-5.9833,-0.32784,2.1083
0.76597,-0.18257,2.2636,-0.20455,-0.51559,2.2636,-1.0743,-0.52364,2.2636,-2.0019,-0.52367,2.2636,-3.0176,-0.52048,2.2636,-4.2174,-0.51811,2.2636,-5.0959,-0.51608,2.2636,-5.933,-0.32748,2.2636
0.81789,-0.1822,2.4231,-0.15273,-0.51421,2.4231,-1.0225,-0.52318,2.4231,-1.9501,-0.52326,2.4231,-2.9657,-0.52024,2.4231,-4.1654,-0.51748,2.4231,-5.044,-0.51546,2.4231,-5.8811,-0.32758,2.4231
0.87151,-0.17842,2.5892,-0.098785,-0.51546,2.5892,-0.96849,-0.52272,2.5892,-1.8962,-0.5241,2.5892,-2.9118,-0.51981,2.5892,-4.1115,-0.51861,2.5892,-4.9902,-0.51507,2.5892,-5.8275,-0.3304,2.5892
0.92695,-0.17656,2.7599,-0.043097,-0.51441,2.7599,-0.91281,-0.52341,2.7599,-1.8406,-0.52278,2.7599,-2.8562,-0.5206,2.7599,-4.0558,-0.51721,2.7599,-4.9345,-0.5154,2.7599,-5.7718,-0.33126,2.7599
0.98423,-0.1739,2.9362,0.01436,-0.51324,2.9362,-0.85535,-0.52193,2.9362,-1.7831,-0.52371,2.9362,-2.7986,-0.51939,2.9362,-3.9984,-0.51834,2.9362,-4.8773,-0.51487,2.9362,-5.7145,-0.33403,2.9362
1.0427,-0.17367,3.1177,0.073001,-0.515,3.1177,-0.79662,-0.52319,3.1177,-1.7245,-0.52326,3.1177,-2.74,-0.52058,3.1177,-3.9396,-0.51797,3.1177,-4.8185,-0.51576,3.1177,-5.6558,-0.33432,3.1177
1.103,-0.17446,3.3048,0.13311,-0.5121,3.3048,-0.73664,-0.52175,3.3048,-1.6642,-0.52278,3.3048,-2.6798,-0.51929,3.3048,-3.8795,-0.51773,3.3048,-4.7584,-0.51511,3.3048,-5.5957,-0.33435,3.3048
1.1642,-0.17667,3.498,0.19418,-0.51451,3.498,-0.67554,-0.52278,3.498,-1.6033,-0.52339,3.498,-2.6188,-0.52016,3.498,-3.8185,-0.51846,3.498,-4.6974,-0.51579,3.498,-5.5346,-0.33314,3.498
1.2275,-0.17906,3.6963,0.25726,-0.51391,3.6963,-0.61249,-0.52215,3.6963,-1.54,-0.5223,3.6963,-2.5557,-0.51951,3.6963,-3.7554,-0.51732,3.6963,-4.6342,-0.51508,3.6963,-5.4714,-0.33104,3.6963
1.2922,-0.17984,3.8984,0.322,-0.51629,3.8984,-0.5477,-0.5229,3.8984,-1.4754,-0.52349,3.8984,-2.4909,-0.51969,3.8984,-3.6907,-0.51845,3.8984,-4.5694,-0.51482,3.8984,-5.4066,-0.33019,3.8984
1.36,-0.17882,4.1043,0.38977,-0.51609,4.1043,-0.47999,-0.52246,4.1043,-1.4075,-0.52219,4.1043,-2.4232,-0.51964,4.1043,-3.6229,-0.51694,4.1043,-4.5018,-0.5146,4.1043,-5.3388,-0.33073,4.1043
1.4303,-0.17451,4.3153,0.46057,-0.51708,4.3153,-0.40913,-0.5226,4.3153,-1.3369,-0.52343,4.3153,-2.3524,-0.51942,4.3153,-3.5521,-0.51829,4.3153,-4.431,-0.51413,4.3153,-5.2684,-0.33435,4.3153
1.504,-0.16847,4.5316,0.53481,-0.51526,4.5316,-0.33489,-0.52187,4.5316,-1.2628,-0.52195,4.5316,-2.2782,-0.51949,4.5316,-3.4778,-0.51693,4.5316,-4.357,-0.51476,4.5316,-5.1943,-0.33864,4.5316
1.5795,-0.16208,4.7537,0.61104,-0.51486,4.7537,-0.25866,-0.5217,4.7537,-1.1868,-0.52294,4.7537,-2.2021,-0.51954,4.7537,-3.4016,-0.51843,4.7537,-4.281,-0.51466,4.7537,-5.1185,-0.34347,4.7537
1.6579,-0.15795,4.9818,0.68978,-0.51232,4.9818,-0.17986,-0.52048,4.9818,-1.1079,-0.52168,4.9818,-2.1232,-0.51906,4.9818,-3.3226,-0.51759,4.9818,-4.2022,-0.51519,4.9818,-5.04,-0.34732,4.9818
1.7373,-0.15698,5.2167,0.76935,-0.51248,5.2167,-0.10025,-0.52113,5.2167,-1.0284,-0.52188,5.2167,-2.0438,-0.51998,5.2167,-3.2432,-0.518,5.2167,-4.1228,-0.51562,5.2167,-4.9604,-0.3479,5.2167
1.8185,-0.15891,5.4562,0.85028,-0.51078,5.4562,-0.019324,-0.51934,5.4562,-0.94736,-0.52185,5.4562,-1.9627,-0.51827,5.4562,-3.1622,-0.51837,5.4562,-4.0417,-0.51485,5.4562,-4.8794,-0.34679,5.4562
1.9005,-0.16646,5.7016,0.93141,-0.51209,5.7016,0.061735,-0.52129,5.7016,-0.86606,-0.5208,5.7016,-1.8816,-0.51992,5.7016,-3.081,-0.51688,5.7016,-3.9604,-0.51554,5.7016,-4.7978,-0.34061,5.7016
1.9841,-0.17481,5.9517,1.0141,-0.51329,5.9517,0.14428,-0.51992,5.9517,-0.78329,-0.52248,5.9517,-1.7988,-0.51828,5.9517,-2.9985,-0.51829,5.9517,-3.8776,-0.51386,5.9517,-4.7147,-0.33414,5.9517
2.0692,-0.18424,6.2068,1.0983,-0.51399,6.2068,0.22843,-0.5209,6.2068,-0.69884,-0.52113,6.2068,-1.7147,-0.51871,6.2068,-2.9144,-0.51635,6.2068,-3.7931,-0.51371,6.2068,-4.63,-0.32575,6.2068
2.156,-0.19095,6.4649,1.1845,-0.51585,6.4649,0.31472,-0.52199,6.4649,-0.61265,-0.52188,6.4649,-1.6285,-0.51925,6.4649,-2.8284,-0.51681,6.4649,-3.7067,-0.51281,6.4649,-4.5434,-0.3195,6.4649
2.2454,-0.19494,6.724,1.2737,-0.51588,6.724,0.40362,-0.52047,6.724,-0.52353,-0.52251,6.724,-1.5394,-0.51756,6.724,-2.7396,-0.51715,6.724,-3.6175,-0.51186,6.724,-4.4542,-0.31545,6.724
2.3353,-0.19953,6.9832,1.3633,-0.5145,6.9832,0.49319,-0.52217,6.9832,-0.43389,-0.52102,6.9832,-1.45,-0.51912,6.9832,-2.6499,-0.51541,6.9832,-3.5277,-0.51243,6.9832,-4.3644,-0.31042,6.9832
2.4259,-0.20314,7.2447,1.4538,-0.51445,7.2447,0.58359,-0.52166,7.2447,-0.34359,-0.52246,7.2447,-1.3596,-0.51828,7.2447,-2.5597,-0.51696,7.2447,-3.4372,-0.51165,7.2447,-4.2739,-0.30649,7.2447
2.5168,-0.20848,7.5068,1.5444,-0.51362,7.5068,0.6738,-0.52095,7.5068,-0.2532,-0.52203,7.5068,-1.2694,-0.51745,7.5068,-2.4695,-0.51602,7.5068,-3.3467,-0.5112,7.5068,-4.1832,-0.30108,7.5068
2.6072,-0.21512,7.7704,1.6344,-0.51413,7.7704,0.76372,-0.52297,7.7704,-0.16323,-0.52133,7.7704,-1.1797,-0.5191,7.7704,-2.3799,-0.51502,7.7704,-3.2566,-0.51119,7.7704,-4.093,-0.29474,7.7704
2.6968,-0.22106,8.0325,1.7235,-0.51481,8.0325,0.85267,-0.52191,8.0325,-0.074356,-0.52307,8.0325,-1.0907,-0.51771,8.0325,-2.2909,-0.51653,8.0325,-3.1674,-0.50999,8.0325,-4.0036,-0.28971,8.0325
2.7862,-0.22754,8.2962,1.8129,-0.51439,8.2962,0.94175,-0.52211,8.2962,0.014897,-0.52191,8.2962,-1.0018,-0.51776,8.2962,-2.2021,-0.51475,8.2962,-3.0781,-0.5101,8.2962,-3.9143,-0.28334,8.2962
2.8743,-0.23289,8.5592,1.9008,-0.51539,8.5592,1.0294,-0.52367,8.5592,0.10268,-0.5221,8.5592,-0.91423,-0.51891,8.5592,-2.1144,-0.51504,8.5592,-2.9901,-0.50945,8.5592,-3.8263,-0.27892,8.5592
2.9622,-0.23588,8.8246,1.9887,-0.51571,8.8246,1.1172,-0.5223,8.8246,0.19024,-0.52325,8.8246,-0.82651,-0.5172,8.8246,-2.0268,-0.51577,8.8246,-2.9022,-0.5087,8.8246,-3.7384,-0.27589,8.8246
3.049,-0.23866,9.0884,2.0755,-0.51535,9.0884,1.2036,-0.52323,9.0884,0.27705,-0.5219,9.0884,-0.74004,-0.51835,9.0884,-1.9403,-0.51408,9.0884,-2.8155,-0.5094,9.0884,-3.6517,-0.27352,9.0884
3.1348,-0.23865,9.3528,2.1612,-0.51622,9.3528,1.2896,-0.52386,9.3528,0.36275,-0.52283,9.3528,-0.65412,-0.51854,9.3528,-1.8545,-0.51553,9.3528,-2.7297,-0.5085,9.3528,-3.5659,-0.27383,9.3528
3.2204,-0.2363,9.6172,2.2468,-0.51665,9.6172,1.3754,-0.5225,9.6172,0.44851,-0.52306,9.6172,-0.56817,-0.51721,9.6172,-1.7686,-0.5153,9.6172,-2.6441,-0.5086,9.6172,-3.4802,-0.27565,9.6172
3.3054,-0.23197,9.879,2.3319,-0.5165,9.879,1.4606,-0.52408,9.879,0.53393,-0.52195,9.879,-0.48302,-0.51917,9.879,-1.6833,-0.51437,9.879,-2.559,-0.50929,9.879,-3.3951,-0.27965,9.879
3.3902,-0.22296,10.139,2.417,-0.51688,10.139,1.5462,-0.52296,10.139,0.61917,-0.5234,10.139,-0.39727,-0.51793,10.139,-1.5976,-0.51632,10.139,-2.4738,-0.50918,10.139,-3.31,-0.28743,10.139
3.4761,-0.21333,10.401,2.5033,-0.5152,10.401,1.6327,-0.522,10.401,0.70577,-0.5218,10.401,-0.31064,-0.51784,10.401,-1.5107,-0.51505,10.401,-2.3876,-0.51063,10.401,-3.224,-0.29631,10.401
3.5615,-0.2037,10.664,2.5891,-0.5149,10.664,1.7189,-0.52288,10.664,0.79179,-0.52182,10.664,-0.22438,-0.51905,10.664,-1.4244,-0.51584,10.664,-2.3018,-0.5116,10.664,-3.1383,-0.30495,10.664
3.6473,-0.1944,10.926,2.6755,-0.51372,10.926,1.8055,-0.52071,10.926,0.87823,-0.52245,10.926,-0.13759,-0.5175,10.926,-1.3376,-0.51698,10.926,-2.2156,-0.51161,10.926,-3.0523,-0.31384,10.926
3.7325,-0.18917,11.186,2.7612,-0.51236,11.186,1.8912,-0.52171,11.186,0.96397,-0.52072,11.186,-0.051982,-0.51899,11.186,-1.2518,-0.51549,11.186,-2.13,-0.5133,11.186,-2.9669,-0.31887,11.186
3.818,-0.186,11.448,2.847,-0.51269,11.448,1.9771,-0.52107,11.448,1.0496,-0.52211,11.448,0.033907,-0.51852,11.448,-1.1658,-0.51719,11.448,-2.0442,-0.5133,11.448,-2.8812,-0.32213,11.448
3.9041,-0.18574,11.709,2.933,-0.51198,11.709,2.0631,-0.52011,11.709,1.1358,-0.52153,11.709,0.11997,-0.51768,11.709,-1.0799,-0.5168,11.709,-1.9584,-0.51303,11.709,-2.7952,-0.32299,11.709
3.9902,-0.18852,11.971,3.019,-0.51306,11.971,2.149,-0.52189,11.971,1.2218,-0.52092,11.971,0.20584,-0.51936,11.971,-0.9939,-0.51585,11.971,-1.8723,-0.51381,11.971,-2.7091,-0.32069,11.971
4.077,-0.19183,12.232,3.1054,-0.5134,12.232,2.2355,-0.52053,12.232,1.3082,-0.52238,12.232,0.29243,-0.51789,12.232,-0.9076,-0.51745,12.232,-1.7856,-0.5127,12.232,-2.6225,-0.31712,12.232
4.1646,-0.19772,12.493,3.1927,-0.51324,12.493,2.3226,-0.52104,12.493,1.3955,-0.52112,12.493,0.37949,-0.51812,12.493,-0.82049,-0.51578,12.493,-1.6984,-0.51268,12.493,-2.5351,-0.31221,12.493
4.2526,-0.20337,12.755,3.2802,-0.51495,12.755,2.41,-0.52247,12.755,1.4828,-0.52163,12.755,0.46682,-0.51901,12.755,-0.73325,-0.51607,12.755,-1.6107,-0.51239,12.755,-2.4473,-0.3065,12.755
4.3411,-0.20841,13.017,3.3684,-0.51537,13.017,2.498,-0.521,13.017,1.5711,-0.52249,13.017,0.55479,-0.51726,13.017,-0.64549,-0.51664,13.017,-1.5226,-0.51081,13.017,-2.359,-0.30168,13.017
4.4295,-0.21404,13.277,3.4566,-0.51519,13.277,2.5861,-0.52249,13.277,1.6592,-0.52119,13.277,0.64269,-0.51873,13.277,-0.55751,-0.51487,13.277,-1.4342,-0.51126,13.277,-2.2707,-0.29612,13.277
4.5189,-0.21659,13.538,3.5459,-0.51598,13.538,2.6752,-0.5227,13.538,1.7483,-0.52251,13.538,0.73187,-0.51837,13.538,-0.46827,-0.51637,13.538,-1.3448,-0.51052,13.538,-2.1813,-0.2933,13.538
4.6087,-0.21855,13.801,3.6356,-0.51525,13.801,2.765,-0.52143,13.801,1.8379,-0.52227,13.801,0.82157,-0.51721,13.801,-0.37865,-0.51566,13.801,-1.2553,-0.51003,13.801,-2.0916,-0.29115,13.801
4.6976,-0.22041,14.063,3.7244,-0.5149,14.063,2.8535,-0.52327,14.063,1.9268,-0.52128,14.063,0.91013,-0.51893,14.063,-0.29007,-0.51464,14.063,-1.1663,-0.51046,14.063,-2.0027,-0.28926,14.063
4.7859,-0.22045,14.326,3.813,-0.51481,14.326,2.9421,-0.5221,14.326,2.0151,-0.5228,14.326,0.99871,-0.51757,14.326,-0.20154,-0.51637,14.326,-1.0779,-0.51011,14.326,-1.9142,-0.28893,14.326
4.8741,-0.22309,14.59,3.9009,-0.51363,14.59,3.0299,-0.52177,14.59,2.1031,-0.52156,14.59,1.0864,-0.51746,14.59,-0.11386,-0.51488,14.59,-0.98993,-0.51047,14.59,-1.8263,-0.28664,14.59
4.9608,-0.22532,14.854,3.9875,-0.51485,14.854,3.1164,-0.52342,14.854,2.1896,-0.52168,14.854,1.1729,-0.51882,14.854,-0.027297,-0.51504,14.854,-0.90335,-0.51042,14.854,-1.7396,-0.28471,14.854
5.0472,-0.22612,15.118,4.0737,-0.51532,15.118,3.2028,-0.52199,15.118,2.2758,-0.52293,15.118,1.2593,-0.51721,15.118,0.05887,-0.5161,15.118,-0.817,-0.50945,15.118,-1.6533,-0.28412,15.118
5.1328,-0.22745,15.381,4.1595,-0.51507,15.381,3.2883,-0.52285,15.381,2.3615,-0.52157,15.381,1.3448,-0.51834,15.381,0.14448,-0.51439,15.381,-0.73141,-0.51024,15.381,-1.5677,-0.28304,15.381
5.2186,-0.22521,15.643,4.2452,-0.5165,15.643,3.3742,-0.52354,15.643,2.4474,-0.5227,15.643,1.4308,-0.51858,15.643,0.23054,-0.51591,15.643,-0.64549,-0.5096,15.643,-1.4818,-0.28492,15.643
5.3051,-0.22088,15.906,4.3319,-0.51619,15.906,3.4611,-0.52189,15.906,2.5341,-0.52273,15.906,1.5178,-0.51729,15.906,0.31751,-0.51571,15.906,-0.55895,-0.50963,15.906,-1.3952,-0.28914,15.906
5.3913,-0.21547,16.168,4.4183,-0.51544,16.168,3.5477,-0.5234,16.168,2.6209,-0.52151,16.168,1.6044,-0.51913,16.168,0.40416,-0.51475,16.168,-0.47248,-0.5107,16.168,-1.3089,-0.29411,16.168
5.4778,-0.20816,16.43,4.5051,-0.51508,16.43,3.6347,-0.52198,16.43,2.7076,-0.52288,16.43,1.6915,-0.51787,16.43,0.49128,-0.51665,16.43,-0.38579,-0.51063,16.43,-1.2223,-0.30055,16.43
5.5644,-0.20183,16.693,4.5922,-0.51321,16.693,3.722,-0.5212,16.693,2.7948,-0.52138,16.693,1.7787,-0.5177,16.693,0.57868,-0.51548,16.693,-0.29878,-0.51175,16.693,-1.1355,-0.30669,16.693
5.6506,-0.19718,16.956,4.6785,-0.51378,16.956,3.8085,-0.52239,16.956,2.8813,-0.52145,16.956,1.8652,-0.51896,16.956,0.66539,-0.51581,16.956,-0.21242,-0.51263,16.956,-1.0491,-0.31118,16.956
5.7368,-0.1933,17.218,4.7652,-0.51329,17.218,3.8951,-0.52052,17.218,2.9678,-0.52231,17.218,1.952,-0.51734,17.218,0.752,-0.51689,17.218,-0.12597,-0.51188,17.218,-0.96277,-0.31476,17.218
5.8231,-0.19292,17.478,4.8514,-0.51275,17.478,3.9814,-0.52161,17.478,3.0542,-0.52079,17.478,2.0382,-0.51869,17.478,0.83831,-0.51535,17.478,-0.039789,-0.51309,17.478,-0.8765,-0.31544,17.478
5.9095,-0.19333,17.74,4.938,-0.51346,17.74,4.0679,-0.52149,17.74,3.1406,-0.52206,17.74,2.1249,-0.51854,17.74,0.92488,-0.51684,17.74,0.046851,-0.5128,17.74,-0.78993,-0.31538,17.74
5.9961,-0.19554,18.001,5.0243,-0.51293,18.001,4.1542,-0.52035,18.001,3.227,-0.52184,18.001,2.2111,-0.51742,18.001,1.011,-0.5165,18.001,0.13309,-0.51213,18.001,-0.70359,-0.31346,18.001
6.0831,-0.19979,18.264,5.111,-0.51376,18.264,4.2408,-0.52234,18.264,3.3137,-0.52092,18.264,2.2976,-0.51915,18.264,1.0978,-0.51532,18.264,0.21997,-0.51264,18.264,-0.61664,-0.30983,18.264
6.1703,-0.20293,18.524,5.1979,-0.51449,18.524,4.3277,-0.52129,18.524,3.4006,-0.52263,18.524,2.3845,-0.51788,18.524,1.1844,-0.51695,18.524,0.30696,-0.51163,18.524,-0.5296,-0.30644,18.524
6.2581,-0.20674,18.786,5.2854,-0.51401,18.786,4.4151,-0.52122,18.786,3.488,-0.52143,18.786,2.4719,-0.51777,18.786,1.2718,-0.51545,18.786,0.39445,-0.51165,18.786,-0.44198,-0.3032,18.786
6.346,-0.20795,19.048,5.3734,-0.51502,19.048,4.503,-0.52275,19.048,3.576,-0.52158,19.048,2.5597,-0.51898,19.048,1.3597,-0.51564,19.048,0.48249,-0.51173,19.048,-0.35399,-0.30141,19.048
6.4345,-0.20771,19.31,5.4618,-0.51461,19.31,4.5915,-0.52101,19.31,3.6643,-0.52247,19.31,2.6483,-0.51723,19.31,1.4481,-0.51652,19.31,0.57093,-0.51075,19.31,-0.26556,-0.30055,19.31
6.523,-0.2102,19.571,5.5501,-0.51378,19.571,4.6797,-0.5221,19.571,3.7527,-0.52104,19.571,2.7364,-0.51849,19.571,1.5363,-0.51484,19.571,0.65937,-0.5117,19.571,-0.17718,-0.29793,19.571
6.6114,-0.21078,19.834,5.6386,-0.51454,19.834,4.7681,-0.52241,19.834,3.841,-0.52219,19.834,2.8248,-0.51844,19.834,1.6246,-0.51624,19.834,0.74783,-0.51101,19.834,-0.088628,-0.29677,19.834
6.7001,-0.21138,20.097,5.7273,-0.51377,20.097,4.8567,-0.52103,20.097,3.9297,-0.52215,20.097,2.9134,-0.51716,20.097,1.7131,-0.51592,20.097,0.83649,-0.51049,20.097,-5.9391e-05,-0.29608,20.097
6.7882,-0.21306,20.361,5.8153,-0.51381,20.361,4.9446,-0.52279,20.361,4.0177,-0.521,20.361,3.0013,-0.51896,20.361,1.8013,-0.51466,20.361,0.9246,-0.51111,20.361,0.088049,-0.29454,20.361
6.8755,-0.21412,20.624,5.9026,-0.51408,20.624,5.032,-0.52181,20.624,4.1049,-0.52267,20.624,3.0886,-0.5178,20.624,1.8884,-0.51639,20.624,1.012,-0.51225,20.624,0.17534,-0.29361,20.624
6.9627,-0.21533,20.887,5.9897,-0.51336,20.887,5.119,-0.52143,20.887,4.192,-0.52166,20.887,3.1758,-0.5175,20.887,1.9756,-0.51521,20.887,1.0991,-0.51414,20.887,0.26242,-0.29338,20.887
7.0491,-0.21683,21.15,6.0761,-0.51455,21.15,5.2053,-0.52317,21.15,4.2784,-0.52161,21.15,3.2619,-0.51905,21.15,2.0618,-0.51519,21.15,1.1854,-0.51361,21.15,0.34883,-0.29299,21.15
7.1354,-0.2179,21.413,6.1623,-0.51523,21.413,5.2916,-0.52176,21.413,4.3646,-0.52295,21.413,3.3482,-0.51743,21.413,2.1481,-0.51643,21.413,1.2713,-0.50988,21.413,0.43505,-0.29305,21.413
7.2213,-0.21998,21.674,6.2483,-0.51512,21.674,5.3774,-0.5225,21.674,4.4507,-0.52158,21.674,3.434,-0.51837,21.674,2.2338,-0.51476,21.674,1.3572,-0.51118,21.674,0.52101,-0.29218,21.674
7.3073,-0.21902,21.935,6.3342,-0.51647,21.935,5.4634,-0.52332,21.935,4.5367,-0.5225,21.935,3.5201,-0.51878,21.935,2.3199,-0.51609,21.935,1.4432,-0.51034,21.935,0.6071,-0.29358,21.935
7.3947,-0.21691,22.198,6.4217,-0.51647,22.198,5.5511,-0.52173,22.198,4.6242,-0.52282,22.198,3.6079,-0.51743,22.198,2.4076,-0.51616,22.198,1.5308,-0.51043,22.198,0.69442,-0.29629,22.198
7.4815,-0.21256,22.459,6.5088,-0.51544,22.459,5.6382,-0.52318,22.459,4.7114,-0.52149,22.459,3.695,-0.51925,22.459,2.4949,-0.51502,22.459,1.6177,-0.51149,22.459,0.78138,-0.30007,22.459
7.5689,-0.20701,22.721,6.5964,-0.5149,22.721,5.7261,-0.52199,22.721,4.799,-0.52291,22.721,3.783,-0.51812,22.721,2.5826,-0.5169,22.721,1.7053,-0.51149,22.721,0.86889,-0.30454,22.721
7.6559,-0.20366,22.983,6.6836,-0.51347,22.983,5.8134,-0.52125,22.983,4.8863,-0.52168,22.983,3.8703,-0.51776,22.983,2.6703,-0.51572,22.983,1.7925,-0.51191,22.983,0.95596,-0.3072,22.983
7.7428,-0.20031,23.245,6.7707,-0.5139,23.245,5.9004,-0.52248,23.245,4.9734,-0.52146,23.245,3.9572,-0.51912,23.245,2.7572,-0.51577,23.245,1.8796,-0.5127,23.245,1.0429,-0.30937,23.245
7.8296,-0.19822,23.508,6.8576,-0.51272,23.508,5.9876,-0.52051,23.508,5.0602,-0.52235,23.508,4.0443,-0.51741,23.508,2.844,-0.51692,23.508,1.9666,-0.51174,23.508,1.1299,-0.31054,23.508
7.9158,-0.20034,23.77,6.9437,-0.51233,23.77,6.0734,-0.52152,23.77,5.1464,-0.52084,23.77,4.1303,-0.51843,23.77,2.9302,-0.51516,23.77,2.0527,-0.51247,23.77,1.216,-0.30764,23.77
8.0019,-0.20373,24.033,7.0295,-0.5141,24.033,6.1591,-0.52206,24.033,5.2321,-0.52204,24.033,4.2159,-0.51863,24.033,3.0157,-0.51639,24.033,2.1386,-0.5117,24.033,1.302,-0.30465,24.033
8.0878,-0.20725,24.293,7.1152,-0.51449,24.293,6.2449,-0.52088,24.293,5.3177,-0.52224,24.293,4.3018,-0.51726,24.293,3.1016,-0.5162,24.293,2.2244,-0.51075,24.293,1.3878,-0.30108,24.293
8.1746,-0.21015,24.555,7.2018,-0.51515,24.555,6.3314,-0.52285,24.555,5.4045,-0.52123,24.555,4.388,-0.51907,24.555,3.188,-0.51494,24.555,2.311,-0.51122,24.555,1.4746,-0.29859,24.555
8.2619,-0.21003,24.815,7.2891,-0.51548,24.815,6.4186,-0.52191,24.815,5.4915,-0.52276,24.815,4.4753,-0.51782,24.815,3.2753,-0.5166,24.815,2.3983,-0.51021,24.815,1.5618,-0.2984,24.815
8.3496,-0.20995,25.077,7.3767,-0.51449,25.077,6.5063,-0.52136,25.077,5.5793,-0.52159,25.077,4.5631,-0.5176,25.077,3.3629,-0.5153,25.077,2.4858,-0.51085,25.077,1.6494,-0.29883,25.077
8.4373,-0.20935,25.339,7.4646,-0.51496,25.339,6.5941,-0.52292,25.339,5.6671,-0.52145,25.339,4.6507,-0.51897,25.339,3.4506,-0.51536,25.339,2.5736,-0.51134,25.339,1.7372,-0.29965,25.339
8.5254,-0.20832,25.601,7.5527,-0.51483,25.601,6.6822,-0.5212,25.601,5.7552,-0.52257,25.601,4.7391,-0.51733,25.601,3.539,-0.51657,25.601,2.6617,-0.51069,25.601,1.8253,-0.30073,25.601
8.6132,-0.20963,25.863,7.6405,-0.51383,25.863,6.7701,-0.52194,25.863,5.8431,-0.5211,25.863,4.8268,-0.51832,25.863,3.6266,-0.51491,25.863,2.7495,-0.51162,25.863,1.9131,-0.30029,25.863
8.7007,-0.20908,26.125,7.7281,-0.51488,26.125,6.8576,-0.52254,26.125,5.9306,-0.52215,26.125,4.9144,-0.51866,26.125,3.7142,-0.51629,26.125,2.8371,-0.51153,26.125,2.0007,-0.30122,26.125
8.7886,-0.20838,26.389,7.8161,-0.51409,26.389,6.9457,-0.52102,26.389,6.0186,-0.5223,26.389,5.0025,-0.51727,26.389,3.8022,-0.51625,26.389,2.9249,-0.51103,26.389,2.0886,-0.30183,26.389
8.8759,-0.2099,26.651,7.9033,-0.51397,26.651,7.0327,-0.52274,26.651,6.1059,-0.5211,26.651,5.0895,-0.51908,26.651,3.8894,-0.51495,26.651,3.0122,-0.51193,26.651,2.1758,-0.30082,26.651
8.9624,-0.21109,26.912,7.9898,-0.51432,26.912,7.1193,-0.52192,26.912,6.1922,-0.52272,26.912,5.176,-0.51804,26.912,3.9759,-0.5167,26.912,3.0988,-0.51113,26.912,2.2623,-0.29963,26.912
9.0492,-0.21391,27.175,8.0764,-0.514,27.175,7.2058,-0.52141,27.175,6.2789,-0.52184,27.175,5.2626,-0.51754,27.175,4.0623,-0.51554,27.175,3.1854,-0.51104,27.175,2.349,-0.29723,27.175
9.1351,-0.21708,27.436,8.1621,-0.51527,27.436,7.2914,-0.52332,27.436,6.3645,-0.52174,27.436,5.348,-0.51913,27.436,4.1478,-0.51532,27.436,3.2711,-0.51113,27.436,2.4348,-0.29458,27.436
9.2222,-0.21754,27.699,8.2491,-0.51618,27.699,7.3784,-0.5219,27.699,6.4514,-0.52307,27.699,5.4353,-0.5175,27.699,4.2349,-0.51646,27.699,3.3582,-0.50988,27.699,2.5219,-0.29384,27.699
9.3091,-0.2183,27.961,8.3361,-0.51544,27.961,7.4654,-0.52239,27.961,6.5386,-0.52153,27.961,5.5221,-0.51831,27.961,4.3219,-0.51471,27.961,3.4451,-0.51083,27.961,2.6089,-0.29305,27.961
9.396,-0.21626,28.223,8.423,-0.5162,28.223,7.5523,-0.52314,28.223,6.6254,-0.52234,28.223,5.6091,-0.51874,28.223,4.4089,-0.516,28.223,3.5321,-0.51054,28.223,2.6958,-0.29471,28.223
9.4836,-0.21249,28.485,8.5107,-0.51553,28.485,7.6403,-0.52138,28.485,6.7132,-0.52255,28.485,5.697,-0.51726,28.485,4.4967,-0.51615,28.485,3.6198,-0.51035,28.485,2.7834,-0.2977,28.485
9.5706,-0.21032,28.747,8.5979,-0.51472,28.747,7.7273,-0.52292,28.747,6.8005,-0.52127,28.747,5.7841,-0.51906,28.747,4.584,-0.51492,28.747,3.7071,-0.5114,28.747,2.8706,-0.29954,28.747
9.6577,-0.2073,29.008,8.6852,-0.51466,29.008,7.8147,-0.52192,29.008,6.8876,-0.52279,29.008,5.8716,-0.51803,29.008,4.6714,-0.51671,29.008,3.7941,-0.51101,29.008,2.9576,-0.30216,29.008
9.7447,-0.20598,29.27,8.7723,-0.51366,29.27,7.9019,-0.52121,29.27,6.9749,-0.52169,29.27,5.9587,-0.51759,29.27,4.7587,-0.5156,29.27,3.8813,-0.51143,29.27,3.0447,-0.30339,29.27
9.8318,-0.20638,29.533,8.8593,-0.51445,29.533,7.989,-0.52282,29.533,7.0619,-0.52147,29.533,6.0457,-0.51909,29.533,4.8456,-0.51551,29.533,3.9683,-0.51189,29.533,3.1317,-0.30343,29.533
9.9189,-0.20695,29.796,8.9463,-0.51453,29.796,8.076,-0.52116,29.796,7.1489,-0.52266,29.796,6.1328,-0.51748,29.796,4.9326,-0.51678,29.796,4.0554,-0.51109,29.796,3.2189,-0.30332,29.796
10.006,-0.20789,30.058,9.0333,-0.51361,30.058,8.1628,-0.52178,30.058,7.2359,-0.52115,30.058,6.2196,-0.51832,30.058,5.0195,-0.51508,30.058,4.1422,-0.51194,30.058,3.3057,-0.30217,30.058
10.092,-0.20903,30.32,9.1198,-0.5148,30.32,8.2493,-0.52252,30.32,7.3223,-0.52208,30.32,6.3061,-0.51873,30.32,5.106,-0.51619,30.32,4.2289,-0.51162,30.32,3.3923,-0.30137,30.32
10.179,-0.20951,30.583,9.2066,-0.5147,30.583,8.3361,-0.52109,30.583,7.4091,-0.52244,30.583,6.3929,-0.51727,30.583,5.1927,-0.51632,30.583,4.3156,-0.51083,30.583,3.4791,-0.30047,30.583
10.266,-0.21062,30.844,9.2933,-0.51451,30.844,8.4227,-0.52273,30.844,7.4959,-0.52113,30.844,6.4795,-0.51904,30.844,5.2794,-0.5149,30.844,4.4024,-0.51155,30.844,3.5659,-0.29944,30.844
10.353,-0.2098,31.106,9.3805,-0.51496,31.106,8.5101,-0.52199,31.106,7.5828,-0.52272,31.106,6.5669,-0.51805,31.106,5.3667,-0.5167,31.106,4.4896,-0.51088,31.106,3.653,-0.30002,31.106
10.44,-0.20788,31.366,9.4672,-0.51418,31.366,8.5968,-0.52131,31.366,7.6698,-0.5217,31.366,6.6536,-0.51764,31.366,5.4534,-0.51556,31.366,4.5764,-0.5112,31.366,3.7398,-0.30091,31.366
10.527,-0.20699,31.628,9.5547,-0.51458,31.628,8.6844,-0.52283,31.628,7.7573,-0.52143,31.628,6.7411,-0.51905,31.628,5.541,-0.51543,31.628,4.6639,-0.51181,31.628,3.8272,-0.30161,31.628
10.615,-0.20622,31.891,9.6422,-0.5143,31.891,8.772,-0.52108,31.891,7.8447,-0.52256,31.891,6.8286,-0.51734,31.891,5.6284,-0.51659,31.891,4.7512,-0.51068,31.891,3.9148,-0.30247,31.891
10.702,-0.20772,32.151,9.7289,-0.51365,32.151,8.8584,-0.52185,32.151,7.9315,-0.52109,32.151,6.9152,-0.51829,32.151,5.7152,-0.51494,32.151,4.838,-0.51163,32.151,4.0014,-0.30073,32.151
10.788,-0.20808,32.412,9.8157,-0.51492,32.412,8.9453,-0.5225,32.412,8.0182,-0.52208,32.412,7.002,-0.51865,32.412,5.8018,-0.51617,32.412,4.9248,-0.51122,32.412,4.0883,-0.3009,32.412
10.876,-0.20697,32.674,9.9032,-0.51424,32.674,9.0329,-0.52095,32.674,8.1057,-0.52228,32.674,7.0896,-0.51724,32.674,5.8894,-0.51625,32.674,5.0123,-0.51086,32.674,4.1756,-0.30165,32.674
10.963,-0.2078,32.936,9.9907,-0.51372,32.936,9.1201,-0.52257,32.936,8.1932,-0.52099,32.936,7.1769,-0.51903,32.936,5.9769,-0.51493,32.936,5.0997,-0.51189,32.936,4.2631,-0.30128,32.936
11.05,-0.20849,33.198,10.077,-0.51389,33.198,9.207,-0.5217,33.198,8.2798,-0.52258,33.198,7.2638,-0.51798,33.198,6.0635,-0.51669,33.198,5.1865,-0.51118,33.198,4.3499,-0.30092,33.198
11.137,-0.2109,33.461,10.164,-0.51361,33.461,9.2938,-0.52127,33.461,8.3668,-0.52172,33.461,7.3506,-0.51756,33.461,6.1504,-0.51552,33.461,5.2733,-0.51119,33.461,4.4369,-0.29916,33.461
11.223,-0.21353,33.722,10.25,-0.51504,33.722,9.3797,-0.52316,33.722,8.4529,-0.52161,33.722,7.4363,-0.51914,33.722,6.2363,-0.51534,33.722,5.3593,-0.51133,33.722,4.523,-0.29727,33.722
11.31,-0.21368,33.984,10.337,-0.51554,33.984,9.467,-0.52162,33.984,8.5399,-0.5229,33.984,7.5237,-0.51749,33.984,6.3235,-0.51663,33.984,5.4465,-0.51051,33.984,4.6101,-0.297,33.984
11.398,-0.21323,34.244,10.425,-0.51453,34.244,9.5544,-0.52212,34.244,8.6274,-0.52136,34.244,7.6111,-0.51831,34.244,6.411,-0.51495,34.244,5.5339,-0.51146,34.244,4.6976,-0.29722,34.244
11.485,-0.21204,34.507,10.512,-0.515,34.507,9.6418,-0.52271,34.507,8.7149,-0.52213,34.507,7.6985,-0.51861,34.507,6.4983,-0.51607,34.507,5.6215,-0.51111,34.507,4.785,-0.29831,34.507
11.572,-0.2107,34.769,10.6,-0.51454,34.769,9.7293,-0.52116,34.769,8.8022,-0.52246,34.769,7.7861,-0.51724,34.769,6.5859,-0.51623,34.769,5.7088,-0.51063,34.769,4.8723,-0.29916,34.769
11.659,-0.21165,35.03,10.686,-0.51442,35.03,9.8158,-0.52286,35.03,8.889,-0.52123,35.03,7.8726,-0.51907,35.03,6.6725,-0.51489,35.03,5.7955,-0.51142,35.03,4.959,-0.29855,35.03
11.746,-0.21119,35.293,10.774,-0.51498,35.293,9.9031,-0.5221,35.293,8.976,-0.52282,35.293,7.9599,-0.51805,35.293,6.7595,-0.51664,35.293,5.8826,-0.51069,35.293,5.0461,-0.29901,35.293
11.834,-0.21119,35.555,10.861,-0.51434,35.555,9.9905,-0.52139,35.555,9.0635,-0.52184,35.555,8.0472,-0.51757,35.555,6.847,-0.51549,35.555,5.97,-0.51103,35.555,5.1336,-0.29905,35.555
11.92,-0.21157,35.817,10.948,-0.51497,35.817,10.077,-0.52309,35.817,9.1503,-0.52156,35.817,8.1338,-0.51913,35.817,6.9338,-0.51534,35.817,6.0568,-0.51148,35.817,5.2203,-0.29888,35.817
12.007,-0.21121,36.079,11.035,-0.51497,36.079,10.164,-0.52142,36.079,9.2372,-0.52278,36.079,8.2211,-0.51745,36.079,7.0208,-0.51663,36.079,6.1437,-0.51057,36.079,5.3074,-0.29928,36.079
12.094,-0.20982,36.341,11.122,-0.51383,36.341,10.251,-0.52197,36.341,9.3242,-0.52123,36.341,8.3079,-0.51833,36.341,7.1079,-0.51502,36.341,6.2308,-0.51169,36.341,5.3943,-0.3,36.341
12.181,-0.20826,36.604,11.209,-0.51436,36.604,10.338,-0.52247,36.604,9.4112,-0.52203,36.604,8.395,-0.51871,36.604,7.1948,-0.51615,36.604,6.3178,-0.51175,36.604,5.4813,-0.30119,36.604
12.268,-0.20694,36.866,11.296,-0.51355,36.866,10.425,-0.5209,36.866,9.498,-0.52226,36.866,8.4819,-0.51723,36.866,7.2818,-0.51634,36.866,6.4046,-0.51106,36.866,5.568,-0.30171,36.866
12.354,-0.20818,37.128,11.382,-0.51395,37.128,10.511,-0.52265,37.128,9.5843,-0.52109,37.128,8.5679,-0.51904,37.128,7.3679,-0.51498,37.128,6.4908,-0.51181,37.128,5.6543,-0.30045,37.128
12.441,-0.20826,37.39,11.468,-0.51476,37.39,10.598,-0.52195,37.39,9.6708,-0.52267,37.39,8.6548,-0.51803,37.39,7.4545,-0.5166,37.39,6.5775,-0.51068,37.39,5.7409,-0.30058,37.39
12.528,-0.20854,37.651,11.555,-0.51429,37.651,10.685,-0.52126,37.651,9.7576,-0.52171,37.651,8.7414,-0.51751,37.651,7.5412,-0.51544,37.651,6.664,-0.51093,37.651,5.8276,-0.3,37.651
12.615,-0.20835,37.914,11.642,-0.51517,37.914,10.772,-0.52302,37.914,9.8449,-0.5215,37.914,8.8287,-0.51907,37.914,7.6285,-0.51535,37.914,6.7514,-0.51125,37.914,5.915,-0.30047,37.914
12.703,-0.20699,38.175,11.73,-0.51498,38.175,10.86,-0.52125,38.175,9.9323,-0.52267,38.175,8.9163,-0.51742,38.175,7.7162,-0.51667,38.175,6.8389,-0.51071,38.175,6.0025,-0.30228,38.175
12.79,-0.20739,38.436,11.817,-0.51383,38.436,10.946,-0.52184,38.436,10.02,-0.52116,38.436,9.0033,-0.51831,38.436,7.8032,-0.51504,38.436,6.926,-0.51174,38.436,6.0895,-0.30192,38.436
12.877,-0.20752,38.699,11.904,-0.5147,38.699,11.034,-0.52244,38.699,10.107,-0.52204,38.699,9.0908,-0.51869,38.699,7.8908,-0.51619,38.699,7.0135,-0.51162,38.699,6.1771,-0.30251,38.699
12.965,-0.20788,38.961,11.992,-0.51425,38.961,11.122,-0.52101,38.961,10.195,-0.5224,38.961,9.1784,-0.51729,38.961,7.9782,-0.51638,38.961,7.101,-0.51109,38.961,6.2645,-0.30226,38.961
13.052,-0.20911,39.224,12.08,-0.51404,39.224,11.209,-0.52264,39.224,10.282,-0.52108,39.224,9.2658,-0.51902,39.224,8.0658,-0.51497,39.224,7.1886,-0.51189,39.224,6.352,-0.30144,39.224
13.139,-0.20983,39.486,12.167,-0.51453,39.486,11.296,-0.52199,39.486,10.369,-0.52269,39.486,9.3529,-0.51811,39.486,8.1528,-0.51674,39.486,7.2755,-0.51126,39.486,6.4391,-0.30121,39.486
13.226,-0.21148,39.749,12.254,-0.5142,39.749,11.383,-0.52136,39.749,10.456,-0.5219,39.749,9.4399,-0.51756,39.749,8.2398,-0.51571,39.749,7.3627,-0.51126,39.749,6.5263,-0.29943,39.749
13.313,-0.2129,40.011,12.341,-0.51507,40.011,11.47,-0.52318,40.011,10.543,-0.52155,40.011,9.5268,-0.51913,40.011,8.3268,-0.51528,40.011,7.4497,-0.51155,40.011,6.6133,-0.298,40.011
13.401,-0.2128,40.273,12.428,-0.51522,40.273,11.557,-0.52158,40.273,10.63,-0.52284,40.273,9.614,-0.51746,40.273,8.4139,-0.51661,40.273,7.5369,-0.51055,40.273,6.7006,-0.29796,40.273
13.488,-0.21219,40.535,12.515,-0.51423,40.535,11.645,-0.52196,40.535,10.718,-0.52134,40.535,9.7015,-0.51813,40.535,8.5014,-0.51491,40.535,7.6246,-0.51136,40.535,6.788,-0.2976,40.535
13.575,-0.21144,40.797,12.603,-0.51503,40.797,11.732,-0.52275,40.797,10.805,-0.52206,40.797,9.7887,-0.51873,40.797,8.5885,-0.51599,40.797,7.7117,-0.51129,40.797,6.8751,-0.29812,40.797
13.663,-0.21045,41.061,12.69,-0.51439,41.061,11.819,-0.52111,41.061,10.892,-0.52244,41.061,9.8762,-0.51717,41.061,8.6761,-0.51621,41.061,7.799,-0.51057,41.061,6.9625,-0.29833,41.061
13.749,-0.21163,41.322,12.776,-0.51429,41.322,11.906,-0.52272,41.322,10.979,-0.52113,41.322,9.9626,-0.51896,41.322,8.7627,-0.51481,41.322,7.8857,-0.51134,41.322,7.0492,-0.2974,41.322
13.836,-0.21117,41.584,12.863,-0.51489,41.584,11.993,-0.52214,41.584,11.066,-0.52267,41.584,10.049,-0.51808,41.584,8.8494,-0.51656,41.584,7.9723,-0.5105,41.584,7.1358,-0.29817,41.584
13.923,-0.21018,41.845,12.95,-0.51435,41.845,12.08,-0.52132,41.845,11.153,-0.52187,41.845,10.137,-0.51749,41.845,8.9365,-0.51559,41.845,8.0594,-0.51091,41.845,7.223,-0.29863,41.845
14.01,-0.20996,42.106,13.037,-0.51475,42.106,12.167,-0.52299,42.106,11.24,-0.52145,42.106,10.223,-0.51907,42.106,9.0233,-0.51528,42.106,8.1463,-0.51148,42.106,7.3098,-0.29923,42.106
14.097,-0.20888,42.368,13.124,-0.51467,42.368,12.254,-0.52132,42.368,11.327,-0.5227,42.368,10.311,-0.51747,42.368,9.1106,-0.5167,42.368,8.2335,-0.51079,42.368,7.3971,-0.30058,42.368
14.184,-0.20877,42.631,13.212,-0.5134,42.631,12.341,-0.52169,42.631,11.414,-0.52113,42.631,10.398,-0.51812,42.631,9.1979,-0.51503,42.631,8.3207,-0.51166,42.631,7.4843,-0.30063,42.631
14.271,-0.20844,42.894,13.299,-0.51454,42.894,12.428,-0.52256,42.894,11.501,-0.52192,42.894,10.485,-0.51871,42.894,9.2848,-0.51601,42.894,8.4077,-0.51151,42.894,7.5711,-0.30107,42.894
14.358,-0.20753,43.158,13.386,-0.51424,43.158,12.515,-0.521,43.158,11.588,-0.52243,43.158,10.572,-0.51723,43.158,9.3718,-0.5164,43.158,8.4947,-0.51083,43.158,7.6582,-0.30172,43.158
14.445,-0.20837,43.42,13.472,-0.51427,43.42,12.602,-0.52258,43.42,11.675,-0.52114,43.42,10.658,-0.51895,43.42,9.4584,-0.51494,43.42,8.5812,-0.51171,43.42,7.7447,-0.30127,43.42
14.531,-0.20821,43.681,13.559,-0.51497,43.681,12.688,-0.52209,43.681,11.761,-0.52268,43.681,10.745,-0.51813,43.681,9.5449,-0.51665,43.681,8.6677,-0.51097,43.681,7.8313,-0.30211,43.681
14.618,-0.20827,43.942,13.646,-0.51449,43.942,12.775,-0.52125,43.942,11.848,-0.52191,43.942,10.832,-0.51754,43.942,9.632,-0.51572,43.942,8.7547,-0.51113,43.942,7.9183,-0.3018,43.942
14.705,-0.209,44.203,13.733,-0.51501,44.203,12.862,-0.52305,44.203,11.935,-0.52148,44.203,10.919,-0.51913,44.203,9.719,-0.51535,44.203,8.8419,-0.51168,44.203,8.0054,-0.30159,44.203
14.793,-0.20882,44.466,13.82,-0.51506,44.466,12.95,-0.52143,44.466,12.023,-0.5228,44.466,11.007,-0.51757,44.466,9.8065,-0.51672,44.466,8.9292,-0.51091,44.466,8.0928,-0.3022,44.466
14.88,-0.2099,44.728,13.907,-0.51429,44.728,13.037,-0.52187,44.728,12.11,-0.52136,44.728,11.094,-0.51821,44.728,9.8935,-0.51509,44.728,9.0162,-0.51165,44.728,8.1798,-0.30104,44.728
14.967,-0.2104,44.989,13.994,-0.51542,44.989,13.124,-0.52284,44.989,12.197,-0.5221,44.989,11.181,-0.51888,44.989,9.9806,-0.51612,44.989,9.1035,-0.51159,44.989,8.267,-0.30068,44.989
15.055,-0.21016,45.251,14.082,-0.515,45.251,13.212,-0.52117,45.251,12.284,-0.52256,45.251,11.268,-0.51731,45.251,10.068,-0.51644,45.251,9.1911,-0.51091,45.251,8.3546,-0.30042,45.251
15.142,-0.2112,45.513,14.17,-0.5143,45.513,13.299,-0.52264,45.513,12.372,-0.52115,45.513,11.356,-0.51894,45.513,10.156,-0.51489,45.513,9.2787,-0.51176,45.513,8.4422,-0.29941,45.513
15.23,-0.21157,45.776,14.257,-0.51469,45.776,13.386,-0.52217,45.776,12.459,-0.52264,45.776,11.443,-0.51817,45.776,10.243,-0.51661,45.776,9.3661,-0.51105,45.776,8.5296,-0.29927,45.776
15.317,-0.21241,46.038,14.344,-0.51422,46.038,13.474,-0.52129,46.038,12.547,-0.52196,46.038,11.53,-0.51741,46.038,10.33,-0.51569,46.038,9.4532,-0.51101,46.038,8.6168,-0.29771,46.038
15.404,-0.21398,46.3,14.431,-0.51501,46.3,13.561,-0.52321,46.3,12.634,-0.52147,46.3,11.617,-0.51908,46.3,10.417,-0.51513,46.3,9.5403,-0.5112,46.3,8.7039,-0.29614,46.3
15.491,-0.21396,46.562,14.518,-0.5153,46.562,13.648,-0.52171,46.562,12.721,-0.52288,46.562,11.704,-0.51754,46.562,10.504,-0.51658,46.562,9.6272,-0.51044,46.562,8.791,-0.29622,46.562
15.578,-0.2151,46.824,14.605,-0.51439,46.824,13.735,-0.52197,46.824,12.808,-0.52142,46.824,11.791,-0.51805,46.824,10.591,-0.51488,46.824,9.7146,-0.5111,46.824,8.878,-0.29468,46.824
15.665,-0.21448,47.087,14.692,-0.51535,47.087,13.822,-0.523,47.087,12.895,-0.522,47.087,11.879,-0.5188,47.087,10.678,-0.51575,47.087,9.8017,-0.51071,47.087,8.9652,-0.29524,47.087
15.752,-0.21223,47.348,14.78,-0.51489,47.348,13.909,-0.52122,47.348,12.982,-0.52254,47.348,11.966,-0.51717,47.348,10.766,-0.51623,47.348,9.8888,-0.51037,47.348,9.0523,-0.29678,47.348
15.84,-0.21176,47.611,14.867,-0.51415,47.611,13.996,-0.5226,47.611,13.069,-0.5211,47.611,12.053,-0.51882,47.611,10.853,-0.51473,47.611,9.9759,-0.51133,47.611,9.1394,-0.29725,47.611
15.926,-0.21056,47.873,14.954,-0.51463,47.873,14.083,-0.52218,47.873,13.156,-0.52259,47.873,12.14,-0.51816,47.873,10.94,-0.51654,47.873,10.063,-0.51071,47.873,9.226,-0.29878,47.873
16.013,-0.21021,48.135,15.04,-0.51407,48.135,14.17,-0.52122,48.135,13.243,-0.52195,48.135,12.227,-0.5174,48.135,11.026,-0.51569,48.135,10.149,-0.51094,48.135,9.313,-0.29902,48.135
16.1,-0.20968,48.398,15.127,-0.51466,48.398,14.257,-0.523,48.398,13.33,-0.52138,48.398,12.313,-0.51909,48.398,11.113,-0.51517,48.398,10.236,-0.51144,48.398,9.3998,-0.29972,48.398
16.187,-0.20752,48.66,15.214,-0.51483,48.66,14.344,-0.52144,48.66,13.417,-0.52278,48.66,12.401,-0.5176,48.66,11.2,-0.51674,48.66,10.323,-0.51086,48.66,9.4867,-0.30191,48.66
16.274,-0.20614,48.922,15.302,-0.51352,48.922,14.431,-0.5216,48.922,13.504,-0.52122,48.922,12.488,-0.51804,48.922,11.288,-0.51518,48.922,10.41,-0.51174,48.922,9.574,-0.30293,48.922
16.361,-0.2052,49.185,15.388,-0.51452,49.185,14.518,-0.52253,49.185,13.591,-0.52183,49.185,12.575,-0.51884,49.185,11.375,-0.51604,49.185,10.497,-0.51195,49.185,9.6609,-0.30367,49.185
16.448,-0.20481,49.447,15.475,-0.51407,49.447,14.605,-0.52089,49.447,13.678,-0.52241,49.447,12.662,-0.51726,49.447,11.462,-0.51653,49.447,10.585,-0.51116,49.447,9.7479,-0.30419,49.447
16.535,-0.2056,49.709,15.562,-0.51376,49.709,14.692,-0.52232,49.709,13.765,-0.52098,49.709,12.749,-0.51886,49.709,11.549,-0.51496,49.709,10.671,-0.51204,49.709,9.8347,-0.30348,49.709
16.622,-0.20551,49.971,15.649,-0.5144,49.971,14.779,-0.52193,49.971,13.852,-0.52248,49.971,12.836,-0.51821,49.971,11.636,-0.51669,49.971,10.758,-0.51149,49.971,9.9218,-0.30345,49.971
16.709,-0.20636,50.232,15.736,-0.51383,50.232,14.866,-0.52102,50.232,13.939,-0.52184,50.232,12.923,-0.51744,50.232,11.723,-0.51584,50.232,10.845,-0.51127,50.232,10.009,-0.30252,50.232
16.796,-0.20652,50.494,15.823,-0.51445,50.494,14.953,-0.52282,50.494,14.026,-0.5213,50.494,13.01,-0.51912,50.494,11.81,-0.51532,50.494,10.933,-0.51188,50.494,10.096,-0.30211,50.494
16.883,-0.20552,50.756,15.911,-0.51432,50.756,15.04,-0.52123,50.756,14.113,-0.5226,50.756,13.097,-0.51755,50.756,11.897,-0.51674,50.756,11.02,-0.51091,50.756,10.183,-0.30285,50.756
16.97,-0.2067,51.018,15.998,-0.51328,51.018,15.128,-0.52146,51.018,14.201,-0.52112,51.018,13.184,-0.51798,51.018,11.984,-0.51507,51.018,11.107,-0.51157,51.018,10.271,-0.30148,51.018
17.058,-0.20767,51.28,16.085,-0.51464,51.28,15.215,-0.52255,51.28,14.288,-0.52179,51.28,13.271,-0.51879,51.28,12.071,-0.51588,51.28,11.194,-0.51154,51.28,10.358,-0.30048,51.28
17.145,-0.20832,51.543,16.172,-0.51443,51.543,15.302,-0.52098,51.543,14.375,-0.52241,51.543,13.359,-0.51719,51.543,12.159,-0.5164,51.543,11.282,-0.51069,51.543,10.445,-0.29998,51.543
17.232,-0.21099,51.804,16.259,-0.51435,51.804,15.388,-0.52254,51.804,14.462,-0.52115,51.804,13.445,-0.51886,51.804,12.245,-0.51486,51.804,11.368,-0.51152,51.804,10.532,-0.2979,51.804
17.319,-0.21203,52.066,16.347,-0.51503,52.066,15.476,-0.52229,52.066,14.549,-0.5226,52.066,13.533,-0.51825,52.066,12.333,-0.51653,52.066,11.456,-0.51072,52.066,10.619,-0.29751,52.066
17.407,-0.21309,52.328,16.434,-0.51459,52.328,15.564,-0.52133,52.328,14.637,-0.52208,52.328,13.62,-0.51739,52.328,12.42,-0.51572,52.328,11.543,-0.51073,52.328,10.707,-0.2966,52.328
17.495,-0.21359,52.589,16.522,-0.51482,52.589,15.651,-0.52316,52.589,14.724,-0.52137,52.589,13.708,-0.5191,52.589,12.508,-0.51504,52.589,11.631,-0.51141,52.589,10.794,-0.29643,52.589
17.582,-0.21292,52.852,16.609,-0.51473,52.852,15.739,-0.52165,52.852,14.812,-0.5228,52.852,13.796,-0.51758,52.852,12.595,-0.51663,52.852,11.719,-0.51063,52.852,10.882,-0.29731,52.852
17.67,-0.2129,53.115,16.697,-0.51365,53.115,15.826,-0.52172,53.115,14.9,-0.52139,53.115,13.883,-0.51791,53.115,12.683,-0.51508,53.115,11.806,-0.51132,53.115,10.97,-0.29711,53.115
17.757,-0.21118,53.378,16.784,-0.51464,53.378,15.914,-0.52283,53.378,14.987,-0.52183,53.378,13.97,-0.5189,53.378,12.77,-0.51576,53.378,11.893,-0.5116,53.378,11.057,-0.29807,53.378
17.844,-0.20861,53.641,16.871,-0.51394,53.641,16.001,-0.52108,53.641,15.074,-0.52248,53.641,14.058,-0.51725,53.641,12.857,-0.51641,53.641,11.98,-0.51075,53.641,11.144,-0.29995,53.641
17.931,-0.20862,53.904,16.958,-0.5135,53.904,16.087,-0.52232,53.904,15.161,-0.52102,53.904,14.144,-0.51872,53.904,12.944,-0.51483,53.904,12.067,-0.51182,53.904,11.231,-0.29958,53.904
18.017,-0.208,54.167,17.044,-0.51432,54.167,16.174,-0.52215,54.167,15.247,-0.52246,54.167,14.231,-0.51832,54.167,13.031,-0.5165,54.167,12.154,-0.51104,54.167,11.317,-0.29986,54.167
18.104,-0.20828,54.428,17.131,-0.51393,54.428,16.261,-0.52112,54.428,15.333,-0.522,54.428,14.317,-0.51737,54.428,13.117,-0.51581,54.428,12.24,-0.51078,54.428,11.403,-0.29977,54.428
18.19,-0.20755,54.691,17.218,-0.51453,54.691,16.347,-0.52292,54.691,15.42,-0.52127,54.691,14.404,-0.51909,54.691,13.204,-0.51511,54.691,12.327,-0.51152,54.691,11.49,-0.30044,54.691
18.277,-0.205,54.952,17.305,-0.5145,54.952,16.434,-0.52138,54.952,15.507,-0.52265,54.952,14.491,-0.51754,54.952,13.291,-0.51668,54.952,12.414,-0.51073,54.952,11.577,-0.30235,54.952
18.364,-0.20644,55.214,17.392,-0.5135,55.214,16.521,-0.52148,55.214,15.594,-0.52124,55.214,14.578,-0.51792,55.214,13.378,-0.51519,55.214,12.501,-0.51153,55.214,11.664,-0.30193,55.214
18.451,-0.20661,55.476,17.478,-0.51491,55.476,16.608,-0.52266,55.476,15.681,-0.52176,55.476,14.665,-0.51889,55.476,13.465,-0.51586,55.476,12.587,-0.51173,55.476,11.751,-0.30199,55.476
18.538,-0.20661,55.739,17.566,-0.51464,55.739,16.695,-0.52098,55.739,15.768,-0.52248,55.739,14.752,-0.51727,55.739,13.552,-0.5165,55.739,12.675,-0.51086,55.739,11.838,-0.30262,55.739
18.625,-0.20839,56,17.653,-0.51425,56,16.782,-0.52236,56,15.855,-0.52109,56,14.839,-0.51881,56,13.639,-0.51493,56,12.762,-0.51181,56,11.925,-0.30158,56
18.712,-0.2086,56.262,17.739,-0.51514,56.262,16.869,-0.52232,56.262,15.942,-0.52253,56.262,14.926,-0.51838,56.262,13.726,-0.51659,56.262,12.848,-0.51115,56.262,12.012,-0.30164,56.262
18.799,-0.20853,56.524,17.827,-0.51467,56.524,16.956,-0.52116,56.524,16.029,-0.52214,56.524,15.013,-0.51743,56.524,13.813,-0.51601,56.524,12.936,-0.51116,56.524,12.099,-0.30205,56.524
18.886,-0.209,56.786,17.914,-0.51475,56.786,17.043,-0.52302,56.786,16.117,-0.52128,56.786,15.1,-0.51914,56.786,13.9,-0.5152,56.786,13.023,-0.51174,56.786,12.186,-0.30169,56.786
18.974,-0.2079,57.048,18.001,-0.51502,57.048,17.131,-0.52165,57.048,16.204,-0.52283,57.048,15.188,-0.51771,57.048,13.987,-0.51679,57.048,13.11,-0.51094,57.048,12.274,-0.30232,57.048
19.061,-0.20766,57.31,18.088,-0.51389,57.31,17.218,-0.52157,57.31,16.291,-0.52141,57.31,15.275,-0.51797,57.31,14.075,-0.51527,57.31,13.197,-0.51165,57.31,12.361,-0.30237,57.31
19.148,-0.20779,57.572,18.175,-0.51471,57.572,17.305,-0.52274,57.572,16.378,-0.52174,57.572,15.361,-0.51896,57.572,14.161,-0.51578,57.572,13.284,-0.51164,57.572,12.448,-0.30168,57.572
19.235,-0.20807,57.835,18.262,-0.51474,57.835,17.392,-0.52109,57.835,16.465,-0.52255,57.835,15.449,-0.51723,57.835,14.249,-0.51649,57.835,13.372,-0.51074,57.835,12.535,-0.30142,57.835
19.322,-0.20859,58.096,18.349,-0.5141,58.096,17.479,-0.52232,58.096,16.552,-0.52107,58.096,15.536,-0.51872,58.096,14.336,-0.51486,58.096,13.459,-0.51163,58.096,12.622,-0.30052,58.096
19.409,-0.20822,58.359,18.437,-0.51474,58.359,17.566,-0.52224,58.359,16.639,-0.52239,58.359,15.623,-0.51833,58.359,14.423,-0.51647,58.359,13.546,-0.5111,58.359,12.709,-0.30025,58.359
19.496,-0.20837,58.62,18.523,-0.51427,58.62,17.653,-0.52104,58.62,16.726,-0.52202,58.62,15.71,-0.51728,58.62,14.51,-0.5159,58.62,13.633,-0.51086,58.62,12.796,-0.30021,58.62
19.583,-0.2094,58.882,18.61,-0.51465,58.882,17.74,-0.52296,58.882,16.813,-0.52124,58.882,15.797,-0.51905,58.882,14.597,-0.51503,58.882,13.719,-0.51146,58.882,12.883,-0.29927,58.882
19.67,-0.20892,59.143,18.697,-0.51485,59.143,17.827,-0.52158,59.143,16.9,-0.52274,59.143,15.884,-0.51763,59.143,14.684,-0.51662,59.143,13.807,-0.51055,59.143,12.97,-0.29956,59.143
19.758,-0.2097,59.406,18.785,-0.51401,59.406,17.915,-0.52153,59.406,16.988,-0.5214,59.406,15.971,-0.51784,59.406,14.771,-0.51515,59.406,13.894,-0.51125,59.406,13.058,-0.29928,59.406
19.845,-0.20897,59.668,18.872,-0.5149,59.668,18.002,-0.52277,59.668,17.075,-0.52173,59.668,16.059,-0.51893,59.668,14.859,-0.51571,59.668,13.982,-0.51155,59.668,13.145,-0.29974,59.668
19.933,-0.20773,59.931,18.96,-0.51429,59.931,18.09,-0.52102,59.931,17.163,-0.52251,59.931,16.147,-0.51725,59.931,14.946,-0.51651,59.931,14.069,-0.5108,59.931,13.233,-0.30106,59.931
20.02,-0.20938,60.193,19.047,-0.51373,60.193,18.177,-0.52223,60.193,17.25,-0.52103,60.193,16.233,-0.51862,60.193,15.033,-0.51487,60.193,14.156,-0.51174,60.193,13.32,-0.29974,60.193
20.107,-0.20994,60.456,19.134,-0.51477,60.456,18.264,-0.5224,60.456,17.337,-0.52244,60.456,16.321,-0.51847,60.456,15.12,-0.51649,60.456,14.243,-0.51128,60.456,13.407,-0.29918,60.456
20.194,-0.21072,60.718,19.222,-0.51435,60.718,18.351,-0.52117,60.718,17.424,-0.52219,60.718,16.408,-0.51733,60.718,15.208,-0.51597,60.718,14.331,-0.51086,60.718,13.494,-0.299,60.718
20.281,-0.21234,60.98,19.308,-0.51469,60.98,18.438,-0.5231,60.98,17.511,-0.52132,60.98,16.495,-0.51915,60.98,15.295,-0.51499,60.98,14.418,-0.51145,60.98,13.581,-0.29764,60.98
20.368,-0.2124,61.242,19.395,-0.5152,61.242,18.525,-0.52191,61.242,17.598,-0.52291,61.242,16.582,-0.51776,61.242,15.381,-0.51663,61.242,14.505,-0.51053,61.242,13.668,-0.29748,61.242
20.455,-0.21412,61.503,19.483,-0.51464,61.503,18.612,-0.52175,61.503,17.685,-0.52166,61.503,16.669,-0.51782,61.503,15.468,-0.51517,61.503,14.591,-0.51108,61.503,13.755,-0.2966,61.503
20.543,-0.21386,61.765,19.57,-0.51542,61.765,18.699,-0.52314,61.765,17.772,-0.52186,61.765,16.756,-0.51902,61.765,15.556,-0.51563,61.765,14.679,-0.51132,61.765,13.843,-0.29661,61.765
20.63,-0.21282,62.029,19.657,-0.51521,62.029,18.787,-0.52142,62.029,17.86,-0.52276,62.029,16.844,-0.51731,62.029,15.643,-0.51644,62.029,14.766,-0.51043,62.029,13.93,-0.29775,62.029
20.717,-0.21301,62.29,19.744,-0.5144,62.29,18.874,-0.52244,62.29,17.947,-0.52129,62.29,16.931,-0.51865,62.29,15.73,-0.51486,62.29,14.853,-0.51161,62.29,14.017,-0.29743,62.29
20.804,-0.21189,62.553,19.832,-0.51499,62.553,18.961,-0.52255,62.553,18.034,-0.52244,62.553,17.018,-0.51848,62.553,15.818,-0.5164,62.553,14.941,-0.51108,62.553,14.104,-0.29792,62.553
20.892,-0.2114,62.815,19.919,-0.5145,62.815,19.048,-0.52127,62.815,18.121,-0.52229,62.815,17.105,-0.51734,62.815,15.905,-0.51603,62.815,15.028,-0.51085,62.815,14.191,-0.29856,62.815
20.978,-0.21158,63.077,20.006,-0.51459,63.077,19.135,-0.52304,63.077,18.208,-0.52128,63.077,17.192,-0.5191,63.077,15.992,-0.51497,63.077,15.115,-0.51149,63.077,14.278,-0.29815,63.077
21.066,-0.21036,63.339,20.093,-0.51491,63.339,19.222,-0.52184,63.339,18.295,-0.52284,63.339,17.279,-0.51774,63.339,16.079,-0.51666,63.339,15.202,-0.51064,63.339,14.366,-0.29846,63.339
21.153,-0.21216,63.602,20.18,-0.51409,63.602,19.31,-0.52158,63.602,18.383,-0.52157,63.602,17.366,-0.51776,63.602,16.166,-0.51522,63.602,15.289,-0.51113,63.602,14.453,-0.29748,63.602
21.24,-0.21166,63.864,20.267,-0.51521,63.864,19.396,-0.52306,63.864,18.469,-0.52176,63.864,17.453,-0.51903,63.864,16.253,-0.51555,63.864,15.376,-0.51122,63.864,14.54,-0.29765,63.864
21.327,-0.20985,64.127,20.354,-0.51485,64.127,19.484,-0.52123,64.127,18.557,-0.52264,64.127,17.54,-0.51733,64.127,16.34,-0.51652,64.127,15.463,-0.5106,64.127,14.627,-0.29929,64.127
21.414,-0.20956,64.388,20.441,-0.51379,64.388,19.571,-0.52216,64.388,18.644,-0.52108,64.388,17.627,-0.51854,64.388,16.427,-0.51482,64.388,15.55,-0.51162,64.388,14.714,-0.2994,64.388
21.501,-0.20827,64.651,20.528,-0.51457,64.651,19.658,-0.52235,64.651,18.731,-0.5223,64.651,17.714,-0.5185,64.651,16.514,-0.51643,64.651,15.637,-0.51146,64.651,14.801,-0.30013,64.651
21.588,-0.20815,64.912,20.615,-0.51381,64.912,19.745,-0.52102,64.912,18.818,-0.52212,64.912,17.802,-0.5173,64.912,16.601,-0.51607,64.912,15.724,-0.511,64.912,14.888,-0.30064,64.912
21.675,-0.20939,65.175,20.702,-0.51436,65.175,19.831,-0.52292,65.175,18.904,-0.52119,65.175,17.888,-0.5191,65.175,16.688,-0.51498,65.175,15.811,-0.51156,65.175,14.975,-0.29968,65.175
21.761,-0.2091,65.436,20.788,-0.51494,65.436,19.918,-0.52179,65.436,18.991,-0.52282,65.436,17.975,-0.5178,65.436,16.775,-0.51672,65.436,15.897,-0.51077,65.436,15.061,-0.29953,65.436
21.848,-0.21095,65.698,20.876,-0.51427,65.698,20.005,-0.52155,65.698,19.078,-0.52155,65.698,18.062,-0.51775,65.698,16.862,-0.51525,65.698,15.985,-0.51113,65.698,15.148,-0.29876,65.698
21.935,-0.21198,65.959,20.963,-0.51537,65.959,20.092,-0.52306,65.959,19.165,-0.52177,65.959,18.149,-0.51901,65.959,16.949,-0.51557,65.959,16.072,-0.51125,65.959,15.235,-0.29816,65.959
22.023,-0.21184,66.222,21.05,-0.51549,66.222,20.18,-0.52138,66.222,19.253,-0.52279,66.222,18.236,-0.51734,66.222,17.036,-0.5165,66.222,16.159,-0.51049,66.222,15.323,-0.29889,66.222
22.11,-0.21277,66.483,21.137,-0.51452,66.483,20.267,-0.52234,66.483,19.34,-0.52128,66.483,18.323,-0.51857,66.483,17.123,-0.51488,66.483,16.246,-0.5115,66.483,15.41,-0.29824,66.483
22.198,-0.21189,66.745,21.225,-0.51522,66.745,20.354,-0.52263,66.745,19.427,-0.52244,66.745,18.411,-0.51859,66.745,17.211,-0.51639,66.745,16.334,-0.51146,66.745,15.498,-0.29872,66.745
22.286,-0.21177,67.008,21.313,-0.51431,67.008,20.443,-0.52119,67.008,19.515,-0.52232,67.008,18.499,-0.51733,67.008,17.299,-0.51611,67.008,16.422,-0.51108,67.008,15.586,-0.29926,67.008
22.373,-0.21256,67.27,21.4,-0.5143,67.27,20.53,-0.52299,67.27,19.603,-0.52123,67.27,18.586,-0.5191,67.27,17.386,-0.51489,67.27,16.509,-0.5117,67.27,15.673,-0.29832,67.27
22.46,-0.21259,67.532,21.487,-0.51467,67.532,20.617,-0.52195,67.532,19.69,-0.52286,67.532,18.673,-0.51788,67.532,17.473,-0.51666,67.532,16.596,-0.51084,67.532,15.76,-0.29755,67.532
22.547,-0.2137,67.795,21.574,-0.51417,67.795,20.704,-0.52162,67.795,19.777,-0.52172,67.795,18.76,-0.51771,67.795,17.56,-0.51532,67.795,16.683,-0.51167,67.795,15.847,-0.29673,67.795
22.634,-0.21377,68.058,21.661,-0.51501,68.058,20.791,-0.52313,68.058,19.864,-0.52171,68.058,18.847,-0.51898,68.058,17.647,-0.51539,68.058,16.771,-0.51481,68.058,15.934,-0.29617,68.058
22.721,-0.21257,68.321,21.748,-0.51515,68.321,20.878,-0.52151,68.321,19.951,-0.52279,68.321,18.935,-0.51736,68.321,17.734,-0.51651,68.321,16.858,-0.51406,68.321,16.021,-0.29737,68.321
22.808,-0.21108,68.582,21.835,-0.51417,68.582,20.965,-0.52225,68.582,20.038,-0.52124,68.582,19.021,-0.51852,68.582,17.821,-0.51489,68.582,16.944,-0.51261,68.582,16.108,-0.29847,68.582
22.895,-0.20901,68.844,21.922,-0.51454,68.844,21.052,-0.52247,68.844,20.125,-0.52226,68.844,19.109,-0.51859,68.844,17.909,-0.51634,68.844,17.031,-0.51162,68.844,16.195,-0.29977,68.844
22.982,-0.20794,69.107,22.009,-0.51353,69.107,21.139,-0.52098,69.107,20.212,-0.52216,69.107,19.196,-0.51726,69.107,17.996,-0.51611,69.107,17.118,-0.51099,69.107,16.282,-0.30092,69.107
23.068,-0.20889,69.368,22.096,-0.5141,69.368,21.225,-0.52285,69.368,20.298,-0.52113,69.368,19.282,-0.5191,69.368,18.082,-0.51494,69.368,17.205,-0.51156,69.368,16.368,-0.30008,69.368
23.155,-0.20883,69.63,22.182,-0.51468,69.63,21.312,-0.5218,69.63,20.385,-0.52276,69.63,19.368,-0.51789,69.63,18.168,-0.5167,69.63,17.291,-0.51085,69.63,16.455,-0.29984,69.63
23.242,-0.20979,69.891,22.269,-0.51426,69.891,21.398,-0.52149,69.891,20.471,-0.52161,69.891,19.455,-0.51776,69.891,18.255,-0.5154,69.891,17.378,-0.51123,69.891,16.541,-0.29965,69.891
23.329,-0.20955,70.152,22.356,-0.51522,70.152,21.485,-0.523,70.152,20.558,-0.52167,70.152,19.542,-0.51904,70.152,18.342,-0.51556,70.152,17.465,-0.51158,70.152,16.629,-0.29991,70.152
23.416,-0.2084,70.415,22.443,-0.51499,70.415,21.573,-0.52121,70.415,20.646,-0.52267,70.415,19.63,-0.51732,70.415,18.43,-0.51663,70.415,17.553,-0.51079,70.415,16.716,-0.30112,70.415
23.504,-0.20849,70.678,22.531,-0.51368,70.678,21.661,-0.52202,70.678,20.734,-0.52109,70.678,19.718,-0.51848,70.678,18.518,-0.51499,70.678,17.64,-0.5119,70.678,16.804,-0.3011,70.678
23.591,-0.20853,70.94,22.618,-0.51432,70.94,21.748,-0.52235,70.94,20.821,-0.52217,70.94,19.805,-0.5185,70.94,18.605,-0.51629,70.94,17.728,-0.51139,70.94,16.891,-0.30107,70.94
23.678,-0.20972,71.202,22.706,-0.514,71.202,21.835,-0.52103,71.202,20.908,-0.52225,71.202,19.892,-0.51724,71.202,18.692,-0.51619,71.202,17.815,-0.51103,71.202,16.978,-0.30031,71.202
23.765,-0.21231,71.465,22.793,-0.51444,71.465,21.922,-0.5229,71.465,20.995,-0.5212,71.465,19.979,-0.51907,71.465,18.779,-0.51493,71.465,17.902,-0.51151,71.465,17.065,-0.29818,71.465
23.852,-0.21311,71.727,22.88,-0.51526,71.727,22.009,-0.52209,71.727,21.082,-0.52289,71.727,20.066,-0.51795,71.727,18.865,-0.51663,71.727,17.989,-0.51052,71.727,17.152,-0.29698,71.727
23.94,-0.21417,71.989,22.967,-0.51496,71.989,22.096,-0.52159,71.989,21.169,-0.52184,71.989,20.153,-0.51763,71.989,18.953,-0.51532,71.989,18.076,-0.51084,71.989,17.24,-0.29644,71.989
24.027,-0.21344,72.251,23.054,-0.51552,72.251,22.183,-0.52324,72.251,21.256,-0.52173,72.251,20.24,-0.51909,72.251,19.04,-0.5154,72.251,18.163,-0.51117,72.251,17.327,-0.29699,72.251
24.114,-0.21111,72.514,23.141,-0.51516,72.514,22.271,-0.52139,72.514,21.344,-0.52274,72.514,20.328,-0.51735,72.514,19.128,-0.51653,72.514,18.25,-0.51033,72.514,17.414,-0.29879,72.514
24.201,-0.21171,72.776,23.228,-0.51408,72.776,22.358,-0.52215,72.776,21.431,-0.52122,72.776,20.415,-0.51841,72.776,19.214,-0.51487,72.776,18.337,-0.51152,72.776,17.501,-0.29833,72.776
24.288,-0.21048,73.038,23.315,-0.51502,73.038,22.445,-0.52264,73.038,21.518,-0.52222,73.038,20.501,-0.5186,73.038,19.301,-0.51626,73.038,18.424,-0.51131,73.038,17.588,-0.2993,73.038
24.375,-0.20908,73.3,23.402,-0.51435,73.3,22.532,-0.5211,73.3,21.605,-0.52229,73.3,20.589,-0.51727,73.3,19.388,-0.51616,73.3,18.511,-0.51082,73.3,17.675,-0.30047,73.3
24.462,-0.20886,73.563,23.489,-0.51426,73.563,22.618,-0.52281,73.563,21.692,-0.52111,73.563,20.675,-0.51906,73.563,19.475,-0.51491,73.563,18.598,-0.51153,73.563,17.762,-0.30055,73.563
24.548,-0.20769,73.825,23.576,-0.51474,73.825,22.706,-0.52183,73.825,21.778,-0.52274,73.825,20.762,-0.51795,73.825,19.562,-0.51675,73.825,18.685,-0.51098,73.825,17.848,-0.30155,73.825
24.636,-0.20729,74.087,23.663,-0.51391,74.087,22.792,-0.52126,74.087,21.866,-0.52159,74.087,20.849,-0.51763,74.087,19.649,-0.51551,74.087,18.772,-0.51135,74.087,17.935,-0.3019,74.087
24.722,-0.20694,74.349,23.75,-0.5148,74.349,22.879,-0.52285,74.349,21.952,-0.5215,74.349,20.936,-0.51907,74.349,19.736,-0.51549,74.349,18.859,-0.51173,74.349,18.022,-0.30232,74.349
24.81,-0.20539,74.612,23.837,-0.51454,74.612,22.967,-0.52107,74.612,22.04,-0.52258,74.612,21.024,-0.51739,74.612,19.824,-0.51666,74.612,18.946,-0.5109,74.612,18.11,-0.30341,74.612
24.897,-0.20649,74.873,23.924,-0.51354,74.873,23.054,-0.52185,74.873,22.127,-0.52103,74.873,21.11,-0.51838,74.873,19.91,-0.51498,74.873,19.033,-0.51189,74.873,18.197,-0.30261,74.873
24.983,-0.20695,75.135,24.011,-0.51458,75.135,23.141,-0.52236,75.135,22.214,-0.52207,75.135,21.197,-0.5186,75.135,19.997,-0.51627,75.135,19.12,-0.51151,75.135,18.284,-0.30246,75.135
25.071,-0.20755,75.397,24.098,-0.5143,75.397,23.228,-0.52098,75.397,22.301,-0.52226,75.397,21.285,-0.51728,75.397,20.085,-0.51624,75.397,19.207,-0.51097,75.397,18.371,-0.30189,75.397
25.158,-0.2099,75.658,24.185,-0.51448,75.658,23.314,-0.52283,75.658,22.388,-0.52116,75.658,21.371,-0.5191,75.658,20.171,-0.51495,75.658,19.294,-0.51166,75.658,18.458,-0.30011,75.658
25.245,-0.21062,75.919,24.272,-0.51507,75.919,23.402,-0.52197,75.919,22.475,-0.5228,75.919,21.458,-0.51801,75.919,20.258,-0.5167,75.919,19.381,-0.51075,75.919,18.545,-0.29946,75.919
25.332,-0.21183,76.181,24.36,-0.51445,76.181,23.489,-0.52141,76.181,22.562,-0.52177,76.181,21.546,-0.51762,76.181,20.346,-0.51544,76.181,19.469,-0.51112,76.181,18.632,-0.29865,76.181
25.42,-0.21235,76.444,24.447,-0.51519,76.444,23.577,-0.52311,76.444,22.65,-0.5216,76.444,21.633,-0.51909,76.444,20.433,-0.51538,76.444,19.556,-0.51139,76.444,18.72,-0.29828,76.444
25.508,-0.21126,76.707,24.535,-0.51503,76.707,23.665,-0.52141,76.707,22.738,-0.52277,76.707,21.722,-0.5174,76.707,20.522,-0.51663,76.707,19.645,-0.51065,76.707,18.808,-0.29884,76.707
25.596,-0.21261,76.968,24.623,-0.51382,76.968,23.752,-0.52202,76.968,22.825,-0.52122,76.968,21.809,-0.51827,76.968,20.609,-0.51491,76.968,19.732,-0.51163,76.968,18.895,-0.29776,76.968
25.683,-0.21337,77.231,24.71,-0.51482,77.231,23.84,-0.52271,77.231,22.913,-0.52214,77.231,21.896,-0.51866,77.231,20.696,-0.51606,77.231,19.819,-0.51121,77.231,18.983,-0.29712,77.231
25.77,-0.21427,77.494,24.797,-0.51462,77.494,23.927,-0.52129,77.494,23,-0.52251,77.494,21.983,-0.51721,77.494,20.783,-0.51612,77.494,19.906,-0.51046,77.494,19.07,-0.29613,77.494
25.856,-0.21663,77.755,24.883,-0.51481,77.755,24.013,-0.52305,77.755,23.086,-0.52133,77.755,22.069,-0.51905,77.755,20.869,-0.51474,77.755,19.992,-0.51104,77.755,19.156,-0.29435,77.755
25.943,-0.21682,78.017,24.97,-0.51559,78.017,24.099,-0.52245,78.017,23.172,-0.52296,78.017,22.156,-0.51805,78.017,20.956,-0.51652,78.017,20.079,-0.5102,78.017,19.243,-0.29399,78.017
26.03,-0.21692,78.278,25.057,-0.51528,78.278,24.186,-0.52171,78.278,23.26,-0.52204,78.278,22.243,-0.51754,78.278,21.043,-0.51538,78.278,20.166,-0.51065,78.278,19.33,-0.29418,78.278
26.118,-0.21544,78.541,25.145,-0.51551,78.541,24.274,-0.52338,78.541,23.347,-0.52169,78.541,22.331,-0.51912,78.541,21.131,-0.51527,78.541,20.254,-0.51115,78.541,19.417,-0.29544,78.541
26.205,-0.21219,78.804,25.232,-0.51509,78.804,24.362,-0.52154,78.804,23.435,-0.52284,78.804,22.419,-0.51746,78.804,21.218,-0.51661,78.804,20.342,-0.5106,78.804,19.505,-0.29801,78.804
26.292,-0.21132,79.066,25.319,-0.51373,79.066,24.449,-0.522,79.066,23.522,-0.52123,79.066,22.506,-0.51826,79.066,21.305,-0.51491,79.066,20.428,-0.51157,79.066,19.592,-0.29864,79.066
26.379,-0.21056,79.328,25.406,-0.51462,79.328,24.536,-0.52263,79.328,23.608,-0.52211,79.328,22.592,-0.51868,79.328,21.392,-0.51604,79.328,20.515,-0.51134,79.328,19.679,-0.29945,79.328
26.465,-0.21003,79.589,25.493,-0.51448,79.589,24.622,-0.52119,79.589,23.695,-0.52247,79.589,22.679,-0.5173,79.589,21.479,-0.51627,79.589,20.602,-0.51085,79.589,19.765,-0.29963,79.589
26.553,-0.21007,79.852,25.58,-0.51422,79.852,24.709,-0.52274,79.852,23.782,-0.52114,79.852,22.766,-0.51901,79.852,21.566,-0.51487,79.852,20.689,-0.51159,79.852,19.853,-0.29958,79.852
26.639,-0.20889,80.113,25.667,-0.51461,80.113,24.796,-0.52195,80.113,23.869,-0.52275,80.113,22.853,-0.51806,80.113,21.653,-0.51673,80.113,20.776,-0.51113,80.113,19.939,-0.30062,80.113
26.727,-0.20709,80.376,25.754,-0.51339,80.376,24.884,-0.52113,80.376,23.957,-0.52161,80.376,22.94,-0.51751,80.376,21.74,-0.51558,80.376,20.863,-0.51127,80.376,20.027,-0.30158,80.376
26.813,-0.20697,80.639,25.841,-0.51421,80.639,24.97,-0.52278,80.639,24.043,-0.52139,80.639,23.027,-0.51907,80.639,21.827,-0.5154,80.639,20.95,-0.51184,80.639,20.113,-0.30163,80.639
26.9,-0.20708,80.901,25.927,-0.51433,80.901,25.057,-0.52115,80.901,24.13,-0.52261,80.901,23.114,-0.51745,80.901,21.913,-0.51665,80.901,21.036,-0.51075,80.901,20.2,-0.30192,80.901
26.986,-0.20868,81.162,26.014,-0.51385,81.162,25.143,-0.5219,81.162,24.216,-0.52118,81.162,23.2,-0.51831,81.162,22,-0.51494,81.162,21.123,-0.51164,81.162,20.286,-0.30021,81.162
27.073,-0.20994,81.424,26.1,-0.51528,81.424,25.23,-0.52266,81.424,24.303,-0.5221,81.424,23.287,-0.51869,81.424,22.086,-0.51607,81.424,21.209,-0.51109,81.424,20.373,-0.29962,81.424
27.16,-0.21042,81.687,26.188,-0.51521,81.687,25.317,-0.52112,81.687,24.39,-0.52245,81.687,23.374,-0.51721,81.687,22.174,-0.51623,81.687,21.297,-0.51048,81.687,20.46,-0.29935,81.687
27.247,-0.2121,81.947,26.274,-0.51503,81.947,25.404,-0.52286,81.947,24.477,-0.52123,81.947,23.46,-0.51904,81.947,22.26,-0.51488,81.947,21.383,-0.51126,81.947,20.547,-0.2986,81.947
27.335,-0.21198,82.209,26.362,-0.51551,82.209,25.491,-0.52223,82.209,24.564,-0.52282,82.209,23.548,-0.5181,82.209,22.348,-0.51667,82.209,21.471,-0.51071,82.209,20.634,-0.2993,82.209
27.422,-0.21189,82.47,26.45,-0.5148,82.47,25.579,-0.52146,82.47,24.652,-0.52192,82.47,23.636,-0.51759,82.47,22.436,-0.51557,82.47,21.559,-0.51107,82.47,20.722,-0.29963,82.47
27.51,-0.2122,82.733,26.537,-0.51506,82.733,25.667,-0.52315,82.733,24.74,-0.52157,82.733,23.723,-0.51915,82.733,22.523,-0.51538,82.733,21.646,-0.51172,82.733,20.81,-0.29969,82.733
27.598,-0.21211,82.996,26.625,-0.51501,82.996,25.754,-0.52151,82.996,24.827,-0.52283,82.996,23.811,-0.51751,82.996,22.611,-0.51669,82.996,21.734,-0.5108,82.996,20.897,-0.30015,82.996
27.685,-0.21272,83.257,26.712,-0.51419,83.257,25.841,-0.52205,83.257,24.914,-0.52138,83.257,23.898,-0.51831,83.257,22.698,-0.51504,83.257,21.821,-0.51172,83.257,20.984,-0.299,83.257
27.772,-0.21259,83.52,26.799,-0.51519,83.52,25.928,-0.52284,83.52,25.002,-0.52217,83.52,23.985,-0.51883,83.52,22.785,-0.51611,83.52,21.908,-0.51159,83.52,21.072,-0.29891,83.52
27.859,-0.21168,83.783,26.886,-0.51462,83.783,26.016,-0.52122,83.783,25.089,-0.52253,83.783,24.073,-0.51727,83.783,22.872,-0.51629,83.783,21.995,-0.51072,83.783,21.159,-0.29883,83.783
27.946,-0.21292,84.045,26.973,-0.51436,84.045,26.103,-0.52279,84.045,25.176,-0.52121,84.045,24.159,-0.51898,84.045,22.959,-0.51485,84.045,22.082,-0.51139,84.045,21.246,-0.29737,84.045
28.033,-0.21269,84.307,27.06,-0.51498,84.307,26.189,-0.52222,84.307,25.262,-0.52275,84.307,24.246,-0.51812,84.307,23.046,-0.51658,84.307,22.169,-0.51072,84.307,21.333,-0.29737,84.307
28.12,-0.21258,84.569,27.147,-0.51439,84.569,26.277,-0.52139,84.569,25.35,-0.52189,84.569,24.333,-0.51745,84.569,23.133,-0.51548,84.569,22.256,-0.51078,84.569,21.42,-0.29685,84.569
28.206,-0.21331,84.831,27.233,-0.51502,84.831,26.363,-0.52318,84.831,25.436,-0.52148,84.831,24.42,-0.51907,84.831,23.22,-0.51518,84.831,22.343,-0.51106,84.831,21.506,-0.29615,84.831
28.293,-0.21273,85.092,27.32,-0.5153,85.092,26.45,-0.52158,85.092,25.523,-0.52278,85.092,24.507,-0.51744,85.092,23.307,-0.51652,85.092,22.43,-0.51021,85.092,21.593,-0.29688,85.092
28.381,-0.21302,85.353,27.408,-0.51441,85.353,26.537,-0.52205,85.353,25.61,-0.52132,85.353,24.594,-0.51821,85.353,23.394,-0.51487,85.353,22.517,-0.51121,85.353,21.68,-0.2963,85.353
28.468,-0.21229,85.615,27.495,-0.51527,85.615,26.624,-0.52283,85.615,25.697,-0.5221,85.615,24.681,-0.51874,85.615,23.481,-0.516,85.615,22.604,-0.51117,85.615,21.768,-0.29736,85.615
28.555,-0.2114,85.878,27.583,-0.51457,85.878,26.712,-0.52118,85.878,25.785,-0.52244,85.878,24.769,-0.51721,85.878,23.569,-0.5162,85.878,22.692,-0.51049,85.878,21.855,-0.29816,85.878
28.643,-0.21138,86.14,27.67,-0.51427,86.14,26.799,-0.52272,86.14,25.873,-0.52114,86.14,24.856,-0.51899,86.14,23.656,-0.51484,86.14,22.779,-0.51155,86.14,21.943,-0.29843,86.14
28.73,-0.21099,86.403,27.757,-0.51452,86.403,26.887,-0.52207,86.403,25.96,-0.52267,86.403,24.944,-0.51811,86.403,23.743,-0.51662,86.403,22.866,-0.51095,86.403,22.03,-0.29937,86.403
28.817,-0.21209,86.665,27.844,-0.51401,86.665,26.974,-0.52133,86.665,26.047,-0.52191,86.665,25.031,-0.51747,86.665,23.83,-0.51566,86.665,22.953,-0.51104,86.665,22.117,-0.2984,86.665
28.904,-0.2131,86.928,27.931,-0.51487,86.928,27.06,-0.52315,86.928,26.134,-0.52149,86.928,25.117,-0.51911,86.928,23.917,-0.51519,86.928,23.04,-0.5114,86.928,22.204,-0.29774,86.928
28.991,-0.21249,87.19,28.018,-0.51526,87.19,27.147,-0.52165,87.19,26.22,-0.5229,87.19,25.204,-0.51758,87.19,24.004,-0.51667,87.19,23.127,-0.5107,87.19,22.291,-0.2984,87.19
29.078,-0.21198,87.452,28.105,-0.51426,87.452,27.234,-0.52192,87.452,26.307,-0.52137,87.452,25.291,-0.51815,87.452,24.091,-0.51499,87.452,23.214,-0.51146,87.452,22.378,-0.29845,87.452
29.165,-0.21053,87.714,28.192,-0.51515,87.714,27.322,-0.52277,87.714,26.395,-0.52204,87.714,25.378,-0.5188,87.714,24.178,-0.51604,87.714,23.301,-0.51153,87.714,22.465,-0.29953,87.714
29.252,-0.2087,87.977,28.279,-0.51432,87.977,27.409,-0.52107,87.977,26.482,-0.52244,87.977,25.466,-0.51724,87.977,24.265,-0.51637,87.977,23.388,-0.51092,87.977,22.552,-0.30048,87.977
29.339,-0.20883,88.239,28.366,-0.51393,88.239,27.496,-0.52256,88.239,26.569,-0.52105,88.239,25.552,-0.51894,88.239,24.352,-0.51491,88.239,23.475,-0.51175,88.239,22.639,-0.30015,88.239
29.426,-0.20787,88.501,28.453,-0.51448,88.501,27.582,-0.52197,88.501,26.655,-0.52258,88.501,25.639,-0.51813,88.501,24.439,-0.51668,88.501,23.562,-0.51108,88.501,22.725,-0.30096,88.501
29.513,-0.20716,88.763,28.54,-0.51369,88.763,27.67,-0.52111,88.763,26.743,-0.52173,88.763,25.726,-0.51746,88.763,24.526,-0.51565,88.763,23.649,-0.51107,88.763,22.813,-0.301,88.763
29.599,-0.20794,89.024,28.626,-0.51459,89.024,27.756,-0.52288,89.024,26.829,-0.52132,89.024,25.813,-0.51905,89.024,24.613,-0.51525,89.024,23.736,-0.5115,89.024,22.899,-0.30046,89.024
29.686,-0.20772,89.286,28.714,-0.5148,89.286,27.843,-0.52128,89.286,26.916,-0.52265,89.286,25.9,-0.51743,89.286,24.7,-0.5167,89.286,23.823,-0.51072,89.286,22.986,-0.30109,89.286
29.773,-0.20962,89.547,28.801,-0.51394,89.547,27.93,-0.52178,89.547,27.003,-0.52121,89.547,25.987,-0.51814,89.547,24.787,-0.515,89.547,23.91,-0.51155,89.547,23.073,-0.29943,89.547
29.861,-0.21128,89.81,28.888,-0.51517,89.81,28.017,-0.52277,89.81,27.09,-0.52201,89.81,26.074,-0.51877,89.81,24.874,-0.51598,89.81,23.997,-0.51124,89.81,23.161,-0.29864,89.81
29.948,-0.21259,90.072,28.975,-0.51516,90.072,28.105,-0.5212,90.072,27.178,-0.52257,90.072,26.162,-0.5172,90.072,24.961,-0.51626,90.072,24.084,-0.51047,90.072,23.248,-0.29788,90.072
30.035,-0.2146,90.334,29.062,-0.51494,90.334,28.192,-0.5228,90.334,27.265,-0.52128,90.334,26.248,-0.51891,90.334,25.048,-0.5148,90.334,24.171,-0.51125,90.334,23.335,-0.2968,90.334
30.123,-0.21438,90.596,29.15,-0.51556,90.596,28.279,-0.52249,90.596,27.352,-0.52281,90.596,26.336,-0.51826,90.596,25.136,-0.5166,90.596,24.259,-0.51078,90.596,23.422,-0.29765,90.596
30.21,-0.21353,90.857,29.237,-0.51485,90.857,28.366,-0.52146,90.857,27.44,-0.52211,90.857,26.423,-0.51748,90.857,25.223,-0.51567,90.857,24.346,-0.5109,90.857,23.51,-0.2981,90.857
30.297,-0.21324,91.12,29.324,-0.51496,91.12,28.454,-0.52321,91.12,27.527,-0.52149,91.12,26.51,-0.51915,91.12,25.31,-0.51521,91.12,24.433,-0.51161,91.12,23.597,-0.29841,91.12
30.384,-0.21199,91.381,29.411,-0.51516,91.381,28.541,-0.52168,91.381,27.614,-0.52288,91.381,26.598,-0.51763,91.381,25.397,-0.51671,91.381,24.52,-0.51076,91.381,23.684,-0.29949,91.381
30.471,-0.21193,91.644,29.499,-0.51409,91.644,28.628,-0.52191,91.644,27.701,-0.52138,91.644,26.685,-0.51812,91.644,25.485,-0.51507,91.644,24.608,-0.51161,91.644,23.771,-0.29884,91.644
30.558,-0.21146,91.906,29.585,-0.51505,91.906,28.715,-0.52286,91.906,27.788,-0.522,91.906,26.772,-0.51881,91.906,25.572,-0.51592,91.906,24.695,-0.5114,91.906,23.858,-0.29894,91.906
30.645,-0.21012,92.169,29.673,-0.51472,92.169,28.802,-0.5212,92.169,27.875,-0.52256,92.169,26.859,-0.51727,92.169,25.659,-0.51634,92.169,24.782,-0.51066,92.169,23.945,-0.29924,92.169
30.732,-0.21011,92.43,29.759,-0.51417,92.43,28.889,-0.52261,92.43,27.962,-0.52113,92.43,26.945,-0.51891,92.43,25.746,-0.51486,92.43,24.868,-0.5116,92.43,24.032,-0.29903,92.43
30.819,-0.20907,92.693,29.846,-0.51451,92.693,28.976,-0.52208,92.693,28.049,-0.52256,92.693,27.033,-0.51817,92.693,25.832,-0.51659,92.693,24.956,-0.51098,92.693,24.119,-0.29976,92.693
30.906,-0.20959,92.954,29.933,-0.51372,92.954,29.063,-0.52112,92.954,28.136,-0.52182,92.954,27.12,-0.51738,92.954,25.919,-0.51563,92.954,25.042,-0.51088,92.954,24.206,-0.29884,92.954
30.992,-0.21116,93.216,30.02,-0.51472,93.216,29.149,-0.52304,93.216,28.222,-0.5214,93.216,27.206,-0.51907,93.216,26.006,-0.51514,93.216,25.129,-0.51136,93.216,24.292,-0.29751,93.216
31.079,-0.21208,93.477,30.106,-0.51505,93.477,29.236,-0.52156,93.477,28.309,-0.52277,93.477,27.293,-0.51749,93.477,26.092,-0.51654,93.477,25.215,-0.51021,93.477,24.379,-0.29737,93.477
31.166,-0.21336,93.739,30.194,-0.51468,93.739,29.323,-0.52197,93.739,28.396,-0.52145,93.739,27.38,-0.51811,93.739,26.18,-0.51498,93.739,25.303,-0.51118,93.739,24.466,-0.29642,93.739
31.254,-0.21316,94.002,30.281,-0.5156,94.002,29.41,-0.52297,94.002,28.483,-0.52203,94.002,27.467,-0.51882,94.002,26.267,-0.51585,94.002,25.39,-0.51095,94.002,24.553,-0.297,94.002
31.341,-0.21149,94.264,30.368,-0.51534,94.264,29.498,-0.52126,94.264,28.571,-0.52262,94.264,27.555,-0.51725,94.264,26.354,-0.51633,94.264,25.477,-0.51047,94.264,24.641,-0.29861,94.264
31.428,-0.21006,94.526,30.456,-0.51431,94.526,29.585,-0.52259,94.526,28.658,-0.52116,94.526,27.642,-0.51887,94.526,26.442,-0.51487,94.526,25.565,-0.51152,94.526,24.728,-0.30012,94.526
31.516,-0.20751,94.79,30.543,-0.51448,94.79,29.673,-0.5221,94.79,28.746,-0.52257,94.79,27.73,-0.51827,94.79,26.53,-0.51667,94.79,25.652,-0.5113,94.79,24.816,-0.30252,94.79
31.603,-0.20547,95.052,30.63,-0.51355,95.052,29.76,-0.52105,95.052,28.833,-0.52188,95.052,27.817,-0.51747,95.052,26.617,-0.5159,95.052,25.739,-0.51139,95.052,24.903,-0.30398,95.052
31.689,-0.20465,95.315,30.717,-0.51406,95.315,29.847,-0.52276,95.315,28.92,-0.52123,95.315,27.903,-0.51913,95.315,26.703,-0.5153,95.315,25.826,-0.51215,95.315,24.99,-0.30435,95.315
31.776,-0.20385,95.578,30.804,-0.51418,95.578,29.933,-0.52119,95.578,29.006,-0.52261,95.578,27.99,-0.51759,95.578,26.79,-0.51684,95.578,25.913,-0.51117,95.578,25.076,-0.30491,95.578
31.863,-0.20581,95.839,30.89,-0.51357,95.839,30.02,-0.52156,95.839,29.093,-0.52123,95.839,28.076,-0.51809,95.839,26.876,-0.51518,95.839,25.999,-0.51176,95.839,25.163,-0.30315,95.839
31.949,-0.20692,96.101,30.976,-0.51511,96.101,30.106,-0.52267,96.101,29.179,-0.52188,96.101,28.163,-0.51889,96.101,26.963,-0.51596,96.101,26.085,-0.51148,96.101,25.249,-0.30207,96.101
32.036,-0.20692,96.364,31.064,-0.51518,96.364,30.193,-0.52105,96.364,29.266,-0.52256,96.364,28.25,-0.51726,96.364,27.05,-0.51645,96.364,26.173,-0.51081,96.364,25.336,-0.30208,96.364
32.123,-0.20682,96.625,31.151,-0.51431,96.625,30.281,-0.52239,96.625,29.354,-0.52107,96.625,28.337,-0.51884,96.625,27.137,-0.51491,96.625,26.26,-0.51169,96.625,25.423,-0.30202,96.625
32.211,-0.2056,96.888,31.239,-0.51454,96.888,30.368,-0.52198,96.888,29.441,-0.52247,96.888,28.425,-0.51822,96.888,27.225,-0.51663,96.888,26.348,-0.51128,96.888,25.511,-0.3029,96.888
32.298,-0.20499,97.149,31.326,-0.51372,97.149,30.455,-0.52097,97.149,29.528,-0.52184,97.149,28.512,-0.51743,97.149,27.312,-0.5159,97.149,26.435,-0.51127,97.149,25.598,-0.3034,97.149
32.386,-0.20538,97.411,31.413,-0.5142,97.411,30.543,-0.52276,97.411,29.616,-0.52119,97.411,28.599,-0.51909,97.411,27.399,-0.51523,97.411,26.522,-0.5118,97.411,25.686,-0.30292,97.411
32.473,-0.2055,97.673,31.5,-0.51438,97.673,30.63,-0.52127,97.673,29.703,-0.52261,97.673,28.687,-0.51757,97.673,27.487,-0.51677,97.673,26.609,-0.511,97.673,25.773,-0.30296,97.673
32.56,-0.20742,97.935,31.588,-0.51356,97.935,30.717,-0.52158,97.935,29.79,-0.52121,97.935,28.774,-0.51803,97.935,27.574,-0.51515,97.935,26.697,-0.51165,97.935,25.86,-0.30141,97.935
32.648,-0.20877,98.197,31.675,-0.51497,98.197,30.805,-0.52273,98.197,29.878,-0.52184,98.197,28.862,-0.5189,98.197,27.661,-0.5159,98.197,26.784,-0.51168,98.197,25.948,-0.30029,98.197
32.736,-0.20974,98.46,31.763,-0.51454,98.46,30.893,-0.52104,98.46,29.965,-0.52249,98.46,28.949,-0.5172,98.46,27.749,-0.5164,98.46,26.872,-0.5107,98.46,26.035,-0.2998,98.46
32.823,-0.21106,98.723,31.85,-0.51413,98.723,30.98,-0.5224,98.723,30.053,-0.52113,98.723,29.036,-0.51878,98.723,27.836,-0.51486,98.723,26.959,-0.51159,98.723,26.123,-0.29865,98.723
32.91,-0.21141,98.985,31.937,-0.51478,98.985,31.067,-0.52231,98.985,30.14,-0.52252,98.985,29.124,-0.51833,98.985,27.923,-0.51654,98.985,27.046,-0.5111,98.985,26.21,-0.29837,98.985
32.997,-0.2123,99.246,32.025,-0.51421,99.246,31.154,-0.52124,99.246,30.227,-0.52209,99.246,29.211,-0.51736,99.246,28.011,-0.51583,99.246,27.134,-0.51086,99.246,26.297,-0.29747,99.246
33.084,-0.21369,99.508,32.111,-0.51475,99.508,31.241,-0.52317,99.508,30.314,-0.52137,99.508,29.298,-0.51913,99.508,28.097,-0.51502,99.508,27.221,-0.5113,99.508,26.384,-0.29623,99.508
33.171,-0.2137,99.771,32.198,-0.51516,99.771,31.328,-0.52186,99.771,30.401,-0.52288,99.771,29.385,-0.51765,99.771,28.184,-0.51654,99.771,27.307,-0.51031,99.771,26.471,-0.29639,99.771
33.258,-0.21521,100.03,32.285,-0.51466,100.03,31.415,-0.52187,100.03,30.488,-0.52158,100.03,29.471,-0.51788,100.03,28.271,-0.51501,100.03,27.395,-0.51092,100.03,26.558,-0.29501,100.03
33.345,-0.21542,100.29,32.372,-0.51568,100.29,31.502,-0.52318,100.29,30.575,-0.52198,100.29,29.558,-0.51892,100.29,28.358,-0.51562,100.29,27.481,-0.51078,100.29,26.645,-0.29494,100.29
33.432,-0.21418,100.56,32.459,-0.51567,100.56,31.589,-0.52148,100.56,30.662,-0.52278,100.56,29.646,-0.5173,100.56,28.445,-0.51633,100.56,27.568,-0.51032,100.56,26.732,-0.29618,100.56
33.519,-0.21383,100.82,32.546,-0.51476,100.82,31.676,-0.52266,100.82,30.749,-0.5213,100.82,29.733,-0.51878,100.82,28.532,-0.5148,100.82,27.656,-0.5114,100.82,26.819,-0.29664,100.82
33.607,-0.21201,101.08,32.634,-0.51502,101.08,31.763,-0.52248,101.08,30.836,-0.52261,101.08,29.82,-0.51838,101.08,28.62,-0.51651,101.08,27.743,-0.51109,101.08,26.907,-0.29821,101.08
33.694,-0.21142,101.34,32.722,-0.51423,101.34,31.851,-0.52127,101.34,30.924,-0.52216,101.34,29.908,-0.51739,101.34,28.708,-0.51588,101.34,27.831,-0.51097,101.34,26.994,-0.29884,101.34
33.781,-0.21144,101.6,32.809,-0.51443,101.6,31.938,-0.52305,101.6,31.011,-0.52131,101.6,29.995,-0.51912,101.6,28.795,-0.51505,101.6,27.918,-0.51165,101.6,27.081,-0.29887,101.6
33.868,-0.21067,101.87,32.895,-0.51466,101.87,32.025,-0.52169,101.87,31.098,-0.52283,101.87,30.082,-0.51771,101.87,28.882,-0.51673,101.87,28.004,-0.51096,101.87,27.168,-0.2993,101.87
33.955,-0.21207,102.13,32.982,-0.51399,102.13,32.112,-0.52172,102.13,31.185,-0.52149,102.13,30.168,-0.51793,102.13,28.968,-0.51514,102.13,28.091,-0.51135,102.13,27.255,-0.29813,102.13
34.042,-0.21126,102.39,33.069,-0.51516,102.39,32.198,-0.52298,102.39,31.271,-0.52187,102.39,30.255,-0.51899,102.39,29.055,-0.51574,102.39,28.178,-0.51145,102.39,27.342,-0.29836,102.39
34.129,-0.20915,102.65,33.156,-0.5147,102.65,32.286,-0.52119,102.65,31.359,-0.52261,102.65,30.343,-0.51728,102.65,29.142,-0.51652,102.65,28.265,-0.5108,102.65,27.429,-0.29992,102.65
34.216,-0.20841,102.92,33.243,-0.51372,102.92,32.372,-0.52231,102.92,31.445,-0.52102,102.92,30.429,-0.51871,102.92,29.229,-0.51488,102.92,28.352,-0.51168,102.92,27.516,-0.30009,102.92
34.302,-0.20715,103.18,33.33,-0.51448,103.18,32.459,-0.52219,103.18,31.532,-0.52235,103.18,30.516,-0.5183,103.18,29.316,-0.51649,103.18,28.439,-0.51112,103.18,27.602,-0.30067,103.18
34.389,-0.20719,103.44,33.416,-0.51397,103.44,32.546,-0.52098,103.44,31.619,-0.52195,103.44,30.603,-0.51729,103.44,29.403,-0.51584,103.44,28.525,-0.51087,103.44,27.689,-0.30091,103.44
34.476,-0.20787,103.7,33.503,-0.5146,103.7,32.633,-0.52293,103.7,31.706,-0.52123,103.7,30.689,-0.5191,103.7,29.489,-0.51506,103.7,28.612,-0.51139,103.7,27.776,-0.30045,103.7
34.562,-0.20694,103.96,33.59,-0.51496,103.96,32.72,-0.52156,103.96,31.792,-0.52274,103.96,30.776,-0.51768,103.96,29.576,-0.51668,103.96,28.699,-0.51063,103.96,27.863,-0.30119,103.96
34.65,-0.20783,104.23,33.678,-0.51412,104.23,32.807,-0.52154,104.23,31.88,-0.52138,104.23,30.864,-0.51791,104.23,29.664,-0.51522,104.23,28.787,-0.51143,104.23,27.95,-0.30125,104.23
34.737,-0.20758,104.49,33.765,-0.51497,104.49,32.895,-0.52276,104.49,31.967,-0.52179,104.49,30.951,-0.51898,104.49,29.751,-0.51583,104.49,28.874,-0.51174,104.49,28.037,-0.3016,104.49
34.825,-0.20751,104.75,33.853,-0.51439,104.75,32.982,-0.52104,104.75,32.055,-0.52254,104.75,31.039,-0.51731,104.75,29.839,-0.5166,104.75,28.962,-0.51099,104.75,28.125,-0.30223,104.75
34.912,-0.20811,105.01,33.94,-0.51361,105.01,33.069,-0.52221,105.01,32.142,-0.52102,105.01,31.126,-0.51871,105.01,29.926,-0.51493,105.01,29.049,-0.51199,105.01,28.212,-0.30179,105.01
34.999,-0.20822,105.27,34.027,-0.51431,105.27,33.156,-0.52219,105.27,32.229,-0.52236,105.27,31.213,-0.5184,105.27,30.013,-0.51652,105.27,29.136,-0.51148,105.27,28.3,-0.30131,105.27
35.087,-0.20958,105.54,34.114,-0.51402,105.54,33.244,-0.52114,105.54,32.317,-0.52212,105.54,31.3,-0.51738,105.54,30.1,-0.51599,105.54,29.223,-0.51108,105.54,28.387,-0.30049,105.54
35.174,-0.2113,105.8,34.201,-0.51477,105.8,33.33,-0.52308,105.8,32.403,-0.52136,105.8,31.387,-0.51916,105.8,30.187,-0.51509,105.8,29.31,-0.51166,105.8,28.473,-0.29868,105.8
35.261,-0.21103,106.06,34.288,-0.5152,106.06,33.417,-0.5218,106.06,32.49,-0.52287,106.06,31.474,-0.51774,106.06,30.274,-0.51672,106.06,29.397,-0.51064,106.06,28.561,-0.29841,106.06
35.348,-0.21113,106.32,34.375,-0.51416,106.32,33.505,-0.52161,106.32,32.578,-0.52151,106.32,31.562,-0.51785,106.32,30.362,-0.51521,106.32,29.485,-0.51128,106.32,28.648,-0.29826,106.32
35.436,-0.21027,106.58,34.463,-0.51469,106.58,33.593,-0.52281,106.58,32.666,-0.5217,106.58,31.649,-0.5189,106.58,30.449,-0.51564,106.58,29.572,-0.5114,106.58,28.736,-0.29828,106.58
